seed,config,scenario,iteration,tcr,mean_energy,sigma_energy,n_transit,n_exploit
9,HYBRID,synthetic,0,0.2172096908939014,221.54147577506546,0.13737600646000717,8,12
9,HYBRID,synthetic,1,0.3233082706766917,221.063618448461,0.23680866188806593,5,15
9,HYBRID,synthetic,2,0.3993316624895572,220.5432352975913,0.32057838544096484,1,19
9,HYBRID,synthetic,3,0.43609022556390975,219.97271387513993,0.38177921734432646,3,17
9,HYBRID,synthetic,4,0.46950710108604843,219.39804724775558,0.5021140699518596,1,19
9,HYBRID,synthetic,5,0.48621553884711777,218.82739352099662,0.5745169728119349,1,19
9,HYBRID,synthetic,6,0.5037593984962406,218.24090107395514,0.629924010130761,0,20
9,HYBRID,synthetic,7,0.5079365079365079,217.64837616634048,0.6314071520404193,0,20
9,HYBRID,synthetic,8,0.5112781954887218,217.06967558948963,0.6469562935649161,0,20
9,HYBRID,synthetic,9,0.5146198830409356,216.4971882160743,0.663316386110084,0,20
9,HYBRID,synthetic,10,0.5154553049289892,215.89984802891664,0.6886675659068311,0,20
9,HYBRID,synthetic,11,0.5162907268170426,215.302507841759,0.7169003126438912,0,20
9,HYBRID,synthetic,12,0.5171261487050961,214.71345192584877,0.7424392375565024,0,20
9,HYBRID,synthetic,13,0.5213032581453634,214.12646707775042,0.7722096699746805,0,20
9,HYBRID,synthetic,14,0.5213032581453634,213.53119795840462,0.789832016806074,0,20
9,HYBRID,synthetic,15,0.5213032581453634,212.95042631374181,0.8093309858037565,0,20
9,HYBRID,synthetic,16,0.5213032581453634,212.3427307875248,0.8334502110110488,0,20
9,HYBRID,synthetic,17,0.5213032581453634,211.75781700723832,0.8456635684721264,0,20
9,HYBRID,synthetic,18,0.5213032581453634,211.16254788789252,0.8813032028076297,0,20
9,HYBRID,synthetic,19,0.5213032581453634,210.57349197198232,0.8988404336951461,0,20
9,HYBRID,synthetic,20,0.5229741019214703,209.98236498826023,0.9090906505385931,0,20
9,HYBRID,synthetic,21,0.5229741019214703,209.3705273264195,0.929588245951366,0,20
9,HYBRID,synthetic,22,0.5229741019214703,208.78975568175673,0.9520024849408434,0,20
9,HYBRID,synthetic,23,0.5229741019214703,208.19241549459906,0.9679618402652523,0,20
9,HYBRID,synthetic,24,0.5229741019214703,207.60957278212445,0.9926184501871649,0,20
9,HYBRID,synthetic,25,0.5229741019214703,207.0039483237193,1.0253913937296397,0,20
9,HYBRID,synthetic,26,0.5229741019214703,206.42317667905658,1.0623332627700557,0,20
9,HYBRID,synthetic,27,0.5229741019214703,205.84447610220568,1.0831978639651676,0,20
9,HYBRID,synthetic,28,0.5229741019214703,205.24920698285987,1.109083784539118,0,20
9,HYBRID,synthetic,29,0.5229741019214703,204.64358252445473,1.1330480562552812,0,20
9,HYBRID,synthetic,30,0.5229741019214703,204.05452660854453,1.1826621963780244,0,20
9,HYBRID,synthetic,31,0.5229741019214703,203.46961282825802,1.216157006095414,0,20
9,HYBRID,synthetic,32,0.5229741019214703,202.8702015732885,1.238301250214012,0,20
9,HYBRID,synthetic,33,0.5271512113617377,202.28321672519013,1.2800286121248834,0,20
9,HYBRID,synthetic,34,0.5271512113617377,201.70451614833925,1.3136419439678382,0,20
9,HYBRID,synthetic,35,0.5271512113617377,201.10303382555787,1.3453247999650648,0,20
9,HYBRID,synthetic,36,0.5271512113617377,200.50983577402388,1.3677070960547755,0,20
9,HYBRID,synthetic,37,0.5271512113617377,199.9332062649849,1.4163805316786306,0,20
9,HYBRID,synthetic,38,0.5271512113617377,199.3441503490747,1.4539276773681589,0,20
9,HYBRID,synthetic,39,0.5271512113617377,198.77580511128312,1.491532033130671,0,20
9,HYBRID,synthetic,40,0.5271512113617377,198.16810958506613,1.5234789287275359,0,20
9,HYBRID,synthetic,41,0.5271512113617377,197.5790536691559,1.562329104937594,0,20
9,HYBRID,synthetic,42,0.5271512113617377,196.98378454981008,1.5962427951699851,0,20
9,HYBRID,synthetic,43,0.5271512113617377,196.38437329484054,1.619316882999012,0,20
9,HYBRID,synthetic,44,0.5271512113617377,195.76839349737605,1.6504633552242236,0,20
9,HYBRID,synthetic,45,0.5271512113617377,195.17312437803028,1.6816853091533064,0,20
9,HYBRID,synthetic,46,0.5271512113617377,194.5819973943082,1.7201964766456252,0,20
9,HYBRID,synthetic,47,0.5271512113617377,193.99294147839797,1.7507134955011168,0,20
9,HYBRID,synthetic,48,0.5271512113617377,193.39767235905217,1.794312288263016,0,20
9,HYBRID,synthetic,49,0.5271512113617377,192.7941189684589,1.8276547403557777,0,20
9,HYBRID,synthetic,50,0.5271512113617377,192.20713412036054,1.8589615365032885,0,20
9,HYBRID,synthetic,51,0.5271512113617377,191.60979393320287,1.8809017279344213,0,20
9,HYBRID,synthetic,52,0.5271512113617377,191.02902228854012,1.9229282894014554,0,20
9,HYBRID,synthetic,53,0.5271512113617377,190.4192556945112,1.9654742853333211,0,20
9,HYBRID,synthetic,54,0.5271512113617377,189.82812871078914,1.9976690473265561,0,20
9,HYBRID,synthetic,55,0.5271512113617377,189.21421998113658,2.020463399833826,0,20
9,HYBRID,synthetic,56,0.5271512113617377,188.63966153990944,2.0459542844596483,0,20
9,HYBRID,synthetic,57,0.5271512113617377,188.04025028493987,2.0778468484414088,0,20
9,HYBRID,synthetic,58,0.5271512113617377,187.45740757246523,2.1114886766652634,0,20
9,HYBRID,synthetic,59,0.5271512113617377,186.8662805887431,2.1225134336503833,0,20
9,HYBRID,synthetic,60,0.5271512113617377,186.28965107970416,2.1559149023500535,0,20
9,HYBRID,synthetic,61,0.5271512113617377,185.68816875692272,2.179769229445465,0,20
9,HYBRID,synthetic,62,0.5271512113617377,185.10739711225997,2.2056705661629907,0,20
9,HYBRID,synthetic,63,0.5271512113617377,184.49763051823112,2.2279343915422034,0,20
9,HYBRID,synthetic,64,0.5271512113617377,183.93342741606327,2.274511586102677,0,20
9,HYBRID,synthetic,65,0.5271512113617377,183.3630111104599,2.30665708562824,0,20
9,HYBRID,synthetic,66,0.5271512113617377,182.74703131299538,2.3437375833709186,0,20
9,HYBRID,synthetic,67,0.5271512113617377,182.18904141426316,2.3816568597575296,0,20
9,HYBRID,synthetic,68,0.5271512113617377,181.60205656616483,2.4309054725877397,0,20
9,HYBRID,synthetic,69,0.5271512113617377,181.03164026056143,2.466088507166495,0,20
9,HYBRID,synthetic,70,0.5271512113617377,180.43430007340373,2.4957487135624468,0,20
9,HYBRID,synthetic,71,0.5271512113617377,179.82453347937482,2.5223181709593057,0,20
9,HYBRID,synthetic,72,0.5271512113617377,179.2375486312765,2.5604991546798357,0,20
9,HYBRID,synthetic,73,0.5271512113617377,178.63813737630693,2.595836254358527,0,20
9,HYBRID,synthetic,74,0.5271512113617377,178.0387261213374,2.627176018289887,0,20
9,HYBRID,synthetic,75,0.5271512113617377,177.4496702054272,2.660199692693125,0,20
9,HYBRID,synthetic,76,0.5271512113617377,176.8523300182695,2.6882821697120898,0,20
9,HYBRID,synthetic,77,0.5271512113617377,176.27155837360675,2.7202974294664966,0,20
9,HYBRID,synthetic,78,0.5271512113617377,175.65972071176603,2.7437099355446155,0,20
9,HYBRID,synthetic,79,0.5271512113617377,175.06859372804394,2.781523700678749,0,20
9,HYBRID,synthetic,80,0.5271512113617377,174.4816088799456,2.82315072366151,0,20
9,HYBRID,synthetic,81,0.5271512113617377,173.86977121810486,2.8552297321333877,0,20
9,HYBRID,synthetic,82,0.5271512113617377,173.28071530219464,2.8901854547533454,0,20
9,HYBRID,synthetic,83,0.5271512113617377,172.69787258972002,2.9253552888735945,0,20
9,HYBRID,synthetic,84,0.5271512113617377,172.0839638600674,2.961020300270123,0,20
9,HYBRID,synthetic,85,0.5271512113617377,171.46591299479104,3.0013736328210014,0,20
9,HYBRID,synthetic,86,0.5271512113617377,170.86650173982156,3.0342961039726264,0,20
9,HYBRID,synthetic,87,0.5271512113617377,170.2484508745452,3.0647161962191127,0,20
9,HYBRID,synthetic,88,0.5271512113617377,169.64903961957563,3.0967336251798656,0,20
9,HYBRID,synthetic,89,0.5271512113617377,169.04755729679425,3.126654769906368,0,20
9,HYBRID,synthetic,90,0.5271512113617377,168.45643031307216,3.1749952418497713,0,20
9,HYBRID,synthetic,91,0.5271512113617377,167.86323226153817,3.2073905472608675,0,20
9,HYBRID,synthetic,92,0.5271512113617377,167.27624741343985,3.2350787373914165,0,20
9,HYBRID,synthetic,93,0.5271512113617377,166.6892625653415,3.2775120542792027,0,20
9,HYBRID,synthetic,94,0.5271512113617377,166.0815670391245,3.312216355114521,0,20
9,HYBRID,synthetic,95,0.5271512113617377,165.48215578415497,3.355973779116216,0,20
9,HYBRID,synthetic,96,0.5271512113617377,164.89309986824475,3.395536378664909,0,20
9,HYBRID,synthetic,97,0.5271512113617377,164.2771200707803,3.42828670307248,0,20
9,HYBRID,synthetic,98,0.5271512113617377,163.6922062904938,3.476045536516371,0,20
9,HYBRID,synthetic,99,0.5271512113617377,163.09072396771236,3.518421537283006,0,20
9,HYBRID,synthetic,100,0.5271512113617377,162.49131271274285,3.549712464165417,0,20
9,HYBRID,synthetic,101,0.5271512113617377,161.90639893245634,3.585517534445954,0,20
9,HYBRID,synthetic,102,0.5271512113617377,161.32355621998175,3.6220414860047416,0,20
9,HYBRID,synthetic,103,0.5271512113617377,160.7303581684478,3.66117854579735,0,20
9,HYBRID,synthetic,104,0.5271512113617377,160.13094691347825,3.7168274926231244,0,20
9,HYBRID,synthetic,105,0.5271512113617377,159.55431740443922,3.76974056299519,0,20
9,HYBRID,synthetic,106,0.5271512113617377,158.94869294603404,3.801868036037118,0,20
9,HYBRID,synthetic,107,0.5271512113617377,158.34306848762895,3.8417623572555795,0,20
9,HYBRID,synthetic,108,0.5271512113617377,157.72708869016446,3.877408691742955,0,20
9,HYBRID,synthetic,109,0.5271512113617377,157.1338906386305,3.9267080234552343,0,20
9,HYBRID,synthetic,110,0.5271512113617377,156.5137687055423,3.967394277671219,0,20
9,HYBRID,synthetic,111,0.5271512113617377,155.89778890807787,4.0085517859428865,0,20
9,HYBRID,synthetic,112,0.5271512113617377,155.2942355174846,4.050145056821876,0,20
9,HYBRID,synthetic,113,0.5271512113617377,154.6927531947032,4.095465129803558,0,20
9,HYBRID,synthetic,114,0.5271512113617377,154.087128736298,4.124371389053146,0,20
9,HYBRID,synthetic,115,0.5271512113617377,153.48357534570476,4.161150072260004,0,20
9,HYBRID,synthetic,116,0.5271512113617377,152.8530980735572,4.203256016824871,0,20
9,HYBRID,synthetic,117,0.5271512113617377,152.25990002202326,4.248570675006414,0,20
9,HYBRID,synthetic,118,0.5271512113617377,151.65841769924185,4.2883238222166,0,20
9,HYBRID,synthetic,119,0.5271512113617377,151.03001149490618,4.318621772941683,0,20
9,HYBRID,synthetic,120,0.5271512113617377,150.44302664680782,4.35678536941437,0,20
9,HYBRID,synthetic,121,0.5271512113617377,149.84361539183828,4.396241117163674,0,20
9,HYBRID,synthetic,122,0.5271512113617377,149.2462752046806,4.435168295801028,0,20
9,HYBRID,synthetic,123,0.5271512113617377,148.64686394971105,4.491629397216692,0,20
9,HYBRID,synthetic,124,0.5271512113617377,148.04745269474154,4.540615306650292,0,20
9,HYBRID,synthetic,125,0.5271512113617377,147.4273307616533,4.58461373641942,0,20
9,HYBRID,synthetic,126,0.5271512113617377,146.81963523543632,4.641604940528228,0,20
9,HYBRID,synthetic,127,0.5271512113617377,146.2222950482786,4.693110228401724,0,20
9,HYBRID,synthetic,128,0.5271512113617377,145.6228837933091,4.727085819658819,0,20
9,HYBRID,synthetic,129,0.5271512113617377,145.02968574177513,4.773910703395353,0,20
9,HYBRID,synthetic,130,0.5271512113617377,144.43855875805303,4.8308174769582894,0,20
9,HYBRID,synthetic,131,0.5271512113617377,143.83707643527165,4.881455232447665,0,20
9,HYBRID,synthetic,132,0.5271512113617377,143.24594945154956,4.936415701572887,0,20
9,HYBRID,synthetic,133,0.5271512113617377,142.65275140001566,4.994212643666666,0,20
9,HYBRID,synthetic,134,0.5271512113617377,142.0512690772342,5.040340077577505,0,20
9,HYBRID,synthetic,135,0.5271512113617377,141.44978675445282,5.085806799912154,0,20
9,HYBRID,synthetic,136,0.5271512113617377,140.854517635107,5.137688807491808,0,20
9,HYBRID,synthetic,137,0.5271512113617377,140.2447510410781,5.190812990695998,0,20
9,HYBRID,synthetic,138,0.5271512113617377,139.63498444704925,5.233820074155404,0,20
9,HYBRID,synthetic,139,0.5271512113617377,139.0293599886441,5.279580779766753,0,20
9,HYBRID,synthetic,140,0.5271512113617377,138.41959339461522,5.317466090868838,0,20
9,HYBRID,synthetic,141,0.5271512113617377,137.81189786839823,5.359041253543197,0,20
9,HYBRID,synthetic,142,0.5271512113617377,137.2269840881117,5.4157339684539,0,20
9,HYBRID,synthetic,143,0.5271512113617377,136.6192885618947,5.455175559738135,0,20
9,HYBRID,synthetic,144,0.5271512113617377,136.01987730692517,5.51208606748779,0,20
9,HYBRID,synthetic,145,0.5271512113617377,135.4246081875794,5.548615128989713,0,20
9,HYBRID,synthetic,146,0.5271512113617377,134.81691266136238,5.599722072609531,0,20
9,HYBRID,synthetic,147,0.5271512113617377,134.2257856776403,5.647871618268104,0,20
9,HYBRID,synthetic,148,0.5271512113617377,133.62844549048262,5.709334304872606,0,20
9,HYBRID,synthetic,149,0.5271512113617377,133.02903423551305,5.756591694758714,0,20
9,HYBRID,synthetic,150,0.5271512113617377,132.4296229805435,5.800811616773813,0,20
9,HYBRID,synthetic,151,0.5271512113617377,131.83228279338582,5.857853913009811,0,20
9,HYBRID,synthetic,152,0.5271512113617377,131.23701367404,5.911059900454454,0,20
9,HYBRID,synthetic,153,0.5271512113617377,130.63760241907048,5.952491907205615,0,20
9,HYBRID,synthetic,154,0.5271512113617377,130.02990689285343,6.0078068366684185,0,20
9,HYBRID,synthetic,155,0.5271512113617377,129.45534845162632,6.056894947128094,0,20
9,HYBRID,synthetic,156,0.5271512113617377,128.83729758635,6.108233950182298,0,20
9,HYBRID,synthetic,157,0.5271512113617377,128.22960206013295,6.166577299950695,0,20
9,HYBRID,synthetic,158,0.5271512113617377,127.62604866953968,6.215451110501171,0,20
9,HYBRID,synthetic,159,0.5271512113617377,127.02870848238199,6.273724433631588,0,20
9,HYBRID,synthetic,160,0.5271512113617377,126.43551043084804,6.33563096708812,0,20
9,HYBRID,synthetic,161,0.5271512113617377,125.83609917587853,6.394128674705006,0,20
9,HYBRID,synthetic,162,0.5271512113617377,125.23461685309715,6.454103899507792,0,20
9,HYBRID,synthetic,163,0.5271512113617377,124.62899239469198,6.506819835949451,0,20
9,HYBRID,synthetic,164,0.5271512113617377,124.00887046160378,6.549484247183699,0,20
9,HYBRID,synthetic,165,0.5271512113617377,123.41360134225795,6.604670608600736,0,20
9,HYBRID,synthetic,166,0.5271512113617377,122.79969261260536,6.6557780992741,0,20
9,HYBRID,synthetic,167,0.5271512113617377,122.17749961170526,6.700999591719248,0,20
9,HYBRID,synthetic,168,0.5271512113617377,121.56980408548827,6.75801903061891,0,20
9,HYBRID,synthetic,169,0.5271512113617377,120.94346894896444,6.801611666314626,0,20
9,HYBRID,synthetic,170,0.5271512113617377,120.3233470158763,6.850005617639075,0,20
9,HYBRID,synthetic,171,0.5271512113617377,119.70322508278805,6.90428318899379,0,20
9,HYBRID,synthetic,172,0.5271512113617377,119.08517421751169,6.954340924059057,0,20
9,HYBRID,synthetic,173,0.5271512113617377,118.46505228442349,7.002028893528654,0,20
9,HYBRID,synthetic,174,0.5271512113617377,117.84907248695905,7.052532894927771,0,20
9,HYBRID,synthetic,175,0.5271512113617377,117.22687948605895,7.1002755421996,0,20
9,HYBRID,synthetic,176,0.5271512113617377,116.60675755297075,7.14159583362774,0,20
9,HYBRID,synthetic,177,0.5271512113617377,115.99906202675372,7.19406897353777,0,20
9,HYBRID,synthetic,178,0.5271512113617377,115.3996507717842,7.253566020537388,0,20
9,HYBRID,synthetic,179,0.5271512113617377,114.78781310994346,7.297994112472665,0,20
9,HYBRID,synthetic,180,0.5271512113617377,114.16976224466711,7.3524042844443365,0,20
9,HYBRID,synthetic,181,0.5271512113617377,113.56206671845011,7.409370232692873,0,20
9,HYBRID,synthetic,182,0.5271512113617377,112.9605843956687,7.467152454492438,0,20
9,HYBRID,synthetic,183,0.5271512113617377,112.36324420851102,7.521352595280083,0,20
9,HYBRID,synthetic,184,0.5271512113617377,111.73069586855163,7.568826018511663,0,20
9,HYBRID,synthetic,185,0.5271512113617377,111.10228966421593,7.613116053102746,0,20
9,HYBRID,synthetic,186,0.5271512113617377,110.47802559550401,7.665214837015073,0,20
9,HYBRID,synthetic,187,0.5271512113617377,109.86618793366327,7.718359053269593,0,20
9,HYBRID,synthetic,188,0.5271512113617377,109.25435027182252,7.775577287576796,0,20
9,HYBRID,synthetic,189,0.5271512113617377,108.64044154216992,7.820478908888012,0,20
9,HYBRID,synthetic,190,0.5271512113617377,108.00789320221051,7.862954636878073,0,20
9,HYBRID,synthetic,191,0.5271512113617377,107.3877712691223,7.907338435166882,0,20
9,HYBRID,synthetic,192,0.5271512113617377,106.77800467509344,7.965961791973248,0,20
9,HYBRID,synthetic,193,0.5271512113617377,106.1723802166883,8.019345551902061,0,20
9,HYBRID,synthetic,194,0.5271512113617377,105.57089789390689,8.080708120189257,0,20
9,HYBRID,synthetic,195,0.5271512113617377,104.95906023206615,8.134968721683473,0,20
9,HYBRID,synthetic,196,0.5271512113617377,104.36793324834407,8.197309675764568,0,20
9,HYBRID,synthetic,197,0.5271512113617377,103.75816665431519,8.252858692842675,0,20
9,HYBRID,synthetic,198,0.5271512113617377,103.14425792466258,8.30088023656534,0,20
9,HYBRID,synthetic,199,0.5271512113617377,102.52620705938622,8.342599774236403,0,20
9,HYBRID,synthetic,200,0.5271512113617377,101.90401405848617,8.390074487730912,0,20
9,HYBRID,synthetic,201,0.5271512113617377,101.29631853226917,8.450181854796858,0,20
9,HYBRID,synthetic,202,0.5271512113617377,100.68240980261655,8.494159034682767,0,20
9,HYBRID,synthetic,203,0.5271512113617377,100.06850107296393,8.548488769892755,0,20
9,HYBRID,synthetic,204,0.5271512113617377,99.45459234331135,8.592917278992141,0,20
9,HYBRID,synthetic,205,0.5271512113617377,98.83447041022313,8.647839668002682,0,20
9,HYBRID,synthetic,206,0.5271512113617377,98.2350591552536,8.70716917514757,0,20
9,HYBRID,synthetic,207,0.5271512113617377,97.62736362903658,8.759766442910776,0,20
9,HYBRID,synthetic,208,0.5271512113617377,97.01345489938396,8.814918638289114,0,20
9,HYBRID,synthetic,209,0.5271512113617377,96.40161723754323,8.871918836447344,0,20
9,HYBRID,synthetic,210,0.5271512113617377,95.7897795757025,8.924522285922691,0,20
9,HYBRID,synthetic,211,0.5271512113617377,95.19243938854481,8.988733489929553,0,20
9,HYBRID,synthetic,212,0.5271512113617377,94.58888599795154,9.056469977648394,0,20
9,HYBRID,synthetic,213,0.5271512113617377,93.9708351326752,9.116923908926756,0,20
9,HYBRID,synthetic,214,0.5271512113617377,93.34657106396327,9.166905432097732,0,20
9,HYBRID,synthetic,215,0.5271512113617377,92.74715980899371,9.227711695295522,0,20
9,HYBRID,synthetic,216,0.5271512113617377,92.14360641840042,9.290409044553972,0,20
9,HYBRID,synthetic,217,0.5271512113617377,91.53176875655973,9.344687715162468,0,20
9,HYBRID,synthetic,218,0.5271512113617377,90.93442856940203,9.395697828269363,0,20
9,HYBRID,synthetic,219,0.5271512113617377,90.32051983974944,9.450681520610674,0,20
9,HYBRID,synthetic,220,0.5271512113617377,89.69418470322562,9.49653691429699,0,20
9,HYBRID,synthetic,221,0.5271512113617377,89.08441810919673,9.551512435568688,0,20
9,HYBRID,synthetic,222,0.5271512113617377,88.47465151516785,9.605315590739707,0,20
9,HYBRID,synthetic,223,0.5271512113617377,87.8814534636339,9.672538148020674,0,20
9,HYBRID,synthetic,224,0.5271512113617377,87.27790007304064,9.732569466696793,0,20
9,HYBRID,synthetic,225,0.5271512113617377,86.66606241119992,9.793574289283839,0,20
9,HYBRID,synthetic,226,0.5271512113617377,86.05215368154728,9.855646052949051,0,20
9,HYBRID,synthetic,227,0.5271512113617377,85.44652922314216,9.922391439540574,0,20
9,HYBRID,synthetic,228,0.5271512113617377,84.85954437504382,9.987749533656705,0,20
9,HYBRID,synthetic,229,0.5271512113617377,84.24149350976748,10.035315972270789,0,20
9,HYBRID,synthetic,230,0.5271512113617377,83.63586905136232,10.095377477914244,0,20
9,HYBRID,synthetic,231,0.5271512113617377,83.00332071140294,10.138979186724287,0,20
9,HYBRID,synthetic,232,0.5271512113617377,82.39355411737405,10.196355093392128,0,20
9,HYBRID,synthetic,233,0.5271512113617377,81.78792965896892,10.258010825358355,0,20
9,HYBRID,synthetic,234,0.5271512113617377,81.19058947181125,10.314945541339272,0,20
9,HYBRID,synthetic,235,0.5271512113617377,80.58082287778237,10.375015714808546,0,20
9,HYBRID,synthetic,236,0.5271512113617377,79.97312735156538,10.435547737186894,0,20
9,HYBRID,synthetic,237,0.5271512113617377,79.37992930003142,10.488276541398942,0,20
9,HYBRID,synthetic,238,0.5271512113617377,78.77430484162628,10.547260370102089,0,20
9,HYBRID,synthetic,239,0.5271512113617377,78.15004077291435,10.593828119573368,0,20
9,HYBRID,synthetic,240,0.5271512113617377,77.54648738232109,10.654209700394516,0,20
9,HYBRID,synthetic,241,0.5271512113617377,76.94914719516342,10.722777834385436,0,20
9,HYBRID,synthetic,242,0.5271512113617377,76.34973594019388,10.789876636834371,0,20
9,HYBRID,synthetic,243,0.5271512113617377,75.7337561427294,10.83839132468893,0,20
9,HYBRID,synthetic,244,0.5271512113617377,75.12813168432429,10.902075464110508,0,20
9,HYBRID,synthetic,245,0.5271512113617377,74.48729907311741,10.938977798320387,0,20
9,HYBRID,synthetic,246,0.5271512113617377,73.87131927565295,10.992394550357455,0,20
9,HYBRID,synthetic,247,0.5271512113617377,73.24291307131728,11.036066123995713,0,20
9,HYBRID,synthetic,248,0.5271512113617377,72.63107540947655,11.09786620738586,0,20
9,HYBRID,synthetic,249,0.5271512113617377,72.03166415450703,11.146766802711072,0,20
9,HYBRID,synthetic,250,0.5271512113617377,71.40325795017137,11.195429962942615,0,20
9,HYBRID,synthetic,251,0.5271512113617377,70.81005989863745,11.264485300073371,0,20
9,HYBRID,synthetic,252,0.5271512113617377,70.19615116898484,11.323127589512556,0,20
9,HYBRID,synthetic,253,0.5271512113617377,69.58845564276784,11.382509531459792,0,20
9,HYBRID,synthetic,254,0.5271512113617377,68.98697331998645,11.444249982874947,0,20
9,HYBRID,synthetic,255,0.5271512113617377,68.37927779376943,11.498993192078293,0,20
9,HYBRID,synthetic,256,0.5271512113617377,67.77779547098802,11.559402971971968,0,20
9,HYBRID,synthetic,257,0.5271512113617377,67.1845974194541,11.62543245865341,0,20
9,HYBRID,synthetic,258,0.5271512113617377,66.57275975761337,11.683270202847941,0,20
9,HYBRID,synthetic,259,0.5271512113617377,65.94642462108955,11.733221127067846,0,20
9,HYBRID,synthetic,260,0.5271512113617377,65.32837375581322,11.790674173189728,0,20
9,HYBRID,synthetic,261,0.5271512113617377,64.73103356865555,11.848812857675949,0,20
9,HYBRID,synthetic,262,0.5271512113617377,64.12333804243856,11.902307386263013,0,20
9,HYBRID,synthetic,263,0.5271512113617377,63.53428212652834,11.968547238626076,0,20
9,HYBRID,synthetic,264,0.5271512113617377,62.92658660031135,12.018820126054726,0,20
9,HYBRID,synthetic,265,0.5271512113617377,62.3271753453418,12.07664502673655,0,20
9,HYBRID,synthetic,266,0.5271512113617377,61.71119554787737,12.13677198260361,0,20
9,HYBRID,synthetic,267,0.5271512113617377,61.109713225095945,12.201174352099255,0,20
9,HYBRID,synthetic,268,0.5271512113617377,60.50408876669081,12.262090529136993,0,20
9,HYBRID,synthetic,269,0.5271512113617377,59.8922511048501,12.321303175695773,0,20
9,HYBRID,synthetic,270,0.5271512113617377,59.290768782068696,12.382433242924796,0,20
9,HYBRID,synthetic,271,0.5271512113617377,58.6768600524161,12.440508078170305,0,20
9,HYBRID,synthetic,272,0.5271512113617377,58.05466705151603,12.495097764591215,0,20
9,HYBRID,synthetic,273,0.5271512113617377,57.44075832186343,12.54665101854844,0,20
9,HYBRID,synthetic,274,0.5271512113617377,56.845489202517626,12.60968680908537,0,20
9,HYBRID,synthetic,275,0.5271512113617377,56.24400687973622,12.670942904858173,0,20
9,HYBRID,synthetic,276,0.5271512113617377,55.64045348914294,12.725620971518481,0,20
9,HYBRID,synthetic,277,0.5271512113617377,55.04311330198527,12.79067558571436,0,20
9,HYBRID,synthetic,278,0.5271512113617377,54.4271335045208,12.838756089724457,0,20
9,HYBRID,synthetic,279,0.5271512113617377,53.82979331736313,12.903984141751538,0,20
9,HYBRID,synthetic,280,0.5271512113617377,53.220026723334264,12.960797495486942,0,20
9,HYBRID,synthetic,281,0.5271512113617377,52.60818906149353,13.021858340529644,0,20
9,HYBRID,synthetic,282,0.5271512113617377,51.994280331840926,13.082338411911024,0,20
9,HYBRID,synthetic,283,0.5271512113617377,51.37415839875272,13.134635782881112,0,20
9,HYBRID,synthetic,284,0.5271512113617377,50.76646287253572,13.196179834516135,0,20
9,HYBRID,synthetic,285,0.5271512113617377,50.1421988038238,13.252237822953614,0,20
9,HYBRID,synthetic,286,0.5271512113617377,49.53243220979492,13.308904541260894,0,20
9,HYBRID,synthetic,287,0.5271512113617377,48.91645241233045,13.362952966706704,0,20
9,HYBRID,synthetic,288,0.5271512113617377,48.32118329298464,13.430202134627388,0,20
9,HYBRID,synthetic,289,0.5271512113617377,47.71141669895576,13.495222659696744,0,20
9,HYBRID,synthetic,290,0.5271512113617377,47.10579224055062,13.554326897158065,0,20
9,HYBRID,synthetic,291,0.5271512113617377,46.50845205339294,13.618016396947015,0,20
9,HYBRID,synthetic,292,0.5271512113617377,45.90904079842339,13.682779583869019,0,20
9,HYBRID,synthetic,293,0.5271512113617377,45.29098993314706,13.742768425660783,0,20
9,HYBRID,synthetic,294,0.5271512113617377,44.66672586443512,13.791679713830908,0,20
9,HYBRID,synthetic,295,0.5271512113617377,44.06317247384185,13.850438568515694,0,20
9,HYBRID,synthetic,296,0.5271512113617377,43.428553066070606,13.895354254635437,0,20
9,HYBRID,synthetic,297,0.5271512113617377,42.81878647204173,13.952599040656072,0,20
9,HYBRID,synthetic,298,0.5271512113617377,42.20280667457725,14.010131085009023,0,20
9,HYBRID,synthetic,299,0.5271512113617377,41.60960862304331,14.080277819855992,0,20
9,HYBRID,synthetic,300,0.5271512113617377,40.99362882557883,14.134820492028425,0,20
9,HYBRID,synthetic,301,0.5271512113617377,40.38800436717369,14.203790485667243,0,20
9,HYBRID,synthetic,302,0.5271512113617377,39.76995350189736,14.263212026444256,0,20
9,HYBRID,synthetic,303,0.5271512113617377,39.14983156880916,14.319541815805827,0,20
9,HYBRID,synthetic,304,0.5271512113617377,38.558704585087085,14.386844300381908,0,20
9,HYBRID,synthetic,305,0.5271512113617377,37.92408517731582,14.442021472319345,0,20
9,HYBRID,synthetic,306,0.5271512113617377,37.30189217641576,14.493202716837512,0,20
9,HYBRID,synthetic,307,0.5271512113617377,36.683841311139425,14.547183963573788,0,20
9,HYBRID,synthetic,308,0.5271512113617377,36.07407471711055,14.607288634439971,0,20
9,HYBRID,synthetic,309,0.5271512113617377,35.46016598745794,14.664629985653855,0,20
9,HYBRID,synthetic,310,0.5271512113617377,34.84211512218161,14.719318928200366,0,20
9,HYBRID,synthetic,311,0.5271512113617377,34.238561731588334,14.78122534214407,0,20
9,HYBRID,synthetic,312,0.5271512113617377,33.620510866311996,14.835191323457414,0,20
9,HYBRID,synthetic,313,0.5271512113617377,33.00453106884753,14.894154525893988,0,20
9,HYBRID,synthetic,314,0.5271512113617377,32.40807854965705,14.911501952887686,0,19
9,HYBRID,synthetic,315,0.5271512113617377,31.829525159063763,14.895894345449078,0,19
9,HYBRID,synthetic,316,0.5271512113617377,31.244758565034896,14.87732239353868,0,19
9,HYBRID,synthetic,317,0.5271512113617377,30.674489445689083,14.866966691946136,0,19
9,HYBRID,synthetic,318,0.5271512113617377,30.112504597590725,14.860954684781612,0,19
9,HYBRID,synthetic,319,0.5271512113617377,29.53809334262118,14.851824036296627,0,19
9,HYBRID,synthetic,320,0.5271512113617377,28.95746888421604,14.840841729935791,0,19
9,HYBRID,synthetic,321,0.5271512113617377,28.389270832682087,14.836775770832512,0,19
9,HYBRID,synthetic,322,0.5271512113617377,27.806575306465078,14.824782310976293,0,19
9,HYBRID,synthetic,323,0.5271512113617377,27.238377254931134,14.82485859678827,0,19
9,HYBRID,synthetic,324,0.5271512113617377,26.659823864337852,14.818505081968693,0,19
9,HYBRID,synthetic,325,0.5271512113617377,26.091625812803905,14.824417062504304,0,19
9,HYBRID,synthetic,326,0.5271512113617377,25.55050629695887,14.76133134702707,0,18
9,HYBRID,synthetic,327,0.5271512113617377,25.007308245424916,14.699176486977734,0,18
9,HYBRID,synthetic,328,0.5271512113617377,24.47239446513843,14.645505996690156,0,18
9,HYBRID,synthetic,329,0.5271512113617377,23.95950402048107,14.552577407402836,0,17
9,HYBRID,synthetic,330,0.5271512113617377,23.46353041619374,14.412706867324639,0,15
9,HYBRID,synthetic,331,0.5271512113617377,23.020185178402176,14.184314921393739,0,15
9,HYBRID,synthetic,332,0.5271512113617377,22.59133741529367,13.959667752455122,0,15
9,HYBRID,synthetic,333,0.5271512113617377,22.1604185843733,13.73599282465941,0,15
9,HYBRID,synthetic,334,0.5271512113617377,21.731570821264793,13.518350598323245,0,15
9,HYBRID,synthetic,335,0.5271512113617377,21.298580922532555,13.296644933740234,0,15
9,HYBRID,synthetic,336,0.5271512113617377,20.878017430671512,13.078097895882749,0,15
9,HYBRID,synthetic,337,0.5271512113617377,20.45331180318674,12.858315352832982,0,15
9,HYBRID,synthetic,338,0.5271512113617377,20.014108701018905,12.641412093299017,0,15
9,HYBRID,synthetic,339,0.5271512113617377,19.587332005722267,12.42791625623894,0,15
9,HYBRID,synthetic,340,0.5271512113617377,19.160555310425625,12.21198487766034,0,15
9,HYBRID,synthetic,341,0.5271512113617377,18.72342327606966,11.999920878701815,0,15
9,HYBRID,synthetic,342,0.5271512113617377,18.27800697046623,11.790917944471444,0,15
9,HYBRID,synthetic,343,0.5271512113617377,17.855372410793322,11.58393587949126,0,15
9,HYBRID,synthetic,344,0.5271512113617377,17.42445357987295,11.379570287279943,0,15
9,HYBRID,synthetic,345,0.5271512113617377,16.993534748952577,11.169653662841963,0,15
9,HYBRID,synthetic,346,0.5271512113617377,16.55847378240848,10.956457579091834,0,15
9,HYBRID,synthetic,347,0.5271512113617377,16.119270680240646,10.751567690288274,0,15
9,HYBRID,synthetic,348,0.5271512113617377,15.688351849320275,10.550943333263982,0,15
9,HYBRID,synthetic,349,0.5271512113617377,15.257433018399905,10.35381715188413,0,15
9,HYBRID,synthetic,350,0.5271512113617377,14.820300984043943,10.154157628097174,0,15
9,HYBRID,synthetic,351,0.5271512113617377,14.381097881876107,9.960396841741318,0,15
9,HYBRID,synthetic,352,0.5271512113617377,13.946036915332007,9.770976967280035,0,15
9,HYBRID,synthetic,353,0.5271512113617377,13.506833813164178,9.572624031321496,0,15
9,HYBRID,synthetic,354,0.5271512113617377,13.065559643184482,9.38969007059284,0,15
9,HYBRID,synthetic,355,0.5271512113617377,12.622214405392919,9.18908527157851,0,15
9,HYBRID,synthetic,356,0.5271512113617377,12.185082371036954,9.008291050910925,0,15
9,HYBRID,synthetic,357,0.5271512113617377,11.75209247230472,8.824864515866539,0,15
9,HYBRID,synthetic,358,0.5271512113617377,11.304605098889429,8.644632072392204,0,15
9,HYBRID,synthetic,359,0.5271512113617377,10.875757335780921,8.479880794007626,0,15
9,HYBRID,synthetic,360,0.5271512113617377,10.457264911731746,8.318174520591421,0,15
9,HYBRID,synthetic,361,0.5271512113617377,10.022203945187647,8.139173736786018,0,15
9,HYBRID,synthetic,362,0.5271512113617377,9.589214046455416,7.9748395987414495,0,15
9,HYBRID,synthetic,363,0.5271512113617377,9.16036628334691,7.831217575060617,0,15
9,HYBRID,synthetic,364,0.5271512113617377,8.717021045555352,7.682379634381791,0,15
9,HYBRID,synthetic,365,0.5271512113617377,8.28196007901125,7.547670214514327,0,15
9,HYBRID,synthetic,366,0.5271512113617377,7.88260593841278,7.374045268384926,0,13
9,HYBRID,synthetic,367,0.5271512113617377,7.522397785611065,7.17964486982409,0,13
9,HYBRID,synthetic,368,0.5271512113617377,7.147692158126295,6.979410649181949,0,13
9,HYBRID,synthetic,369,0.5271512113617377,6.77919973407712,6.784811797096333,0,13
9,HYBRID,synthetic,370,0.5271512113617377,6.4110357184755316,6.586577003958946,0,12
9,HYBRID,synthetic,371,0.5271512113617377,6.086182904733145,6.378697862578353,0,12
9,HYBRID,synthetic,372,0.5271512113617377,5.746832616307701,6.179877808928931,0,12
9,HYBRID,synthetic,373,0.5271512113617377,5.41576659912972,5.997617549418617,0,12
9,HYBRID,synthetic,374,0.5271512113617377,5.061918836021218,5.810412074768576,0,12
9,HYBRID,synthetic,375,0.5271512113617377,4.722568547595773,5.633399295066267,0,12
9,HYBRID,synthetic,376,0.5271512113617377,4.374933987922868,5.463476465396076,0,12
9,HYBRID,synthetic,377,0.5271512113617377,4.0730235870612175,5.266126775413052,0,10
9,HYBRID,synthetic,378,0.5271512113617377,3.8064550445662944,5.0648469306524015,0,10
9,HYBRID,synthetic,379,0.5271512113617377,3.5316022308239083,4.871235736651515,0,10
9,HYBRID,synthetic,380,0.5271512113617377,3.2733414468613704,4.653562708680629,0,9
9,HYBRID,synthetic,381,0.5271512113617377,3.031772904366446,4.457423837225937,0,9
9,HYBRID,synthetic,382,0.5271512113617377,2.7860622262477914,4.26201062571737,0,9
9,HYBRID,synthetic,383,0.5271512113617377,2.521711937822347,4.063857302722134,0,9
9,HYBRID,synthetic,384,0.5271512113617377,2.2697880562680965,3.877676774665355,0,9
9,HYBRID,synthetic,385,0.5271512113617377,2.0302905815850383,3.7125980720284972,0,9
9,HYBRID,synthetic,386,0.5271512113617377,1.789386897345618,3.5509503949950463,0,8
9,HYBRID,synthetic,387,0.5271512113617377,1.5748894226625594,3.3973389912193452,0,8
9,HYBRID,synthetic,388,0.5271512113617377,1.3583208801676359,3.2604433293489192,0,8
9,HYBRID,synthetic,389,0.5271512113617377,1.2076933289750815,3.1196127328634096,0,5
9,HYBRID,synthetic,390,0.5271512113617377,1.0936583211935218,2.9561240291996413,0,4
9,HYBRID,synthetic,391,0.5271512113617377,0.9874451177579255,2.8115520594743706,0,4
9,HYBRID,synthetic,392,0.5271512113617377,0.8956114766379468,2.6610558211814217,0,3
9,HYBRID,synthetic,393,0.5271512113617377,0.8206114766379468,2.5202823905866736,0,3
9,HYBRID,synthetic,394,0.5271512113617377,0.7311140019548886,2.37745105877559,0,3
9,HYBRID,synthetic,395,0.5271512113617377,0.65529935036052,2.2502792509031972,0,2
9,HYBRID,synthetic,396,0.5271512113617377,0.6011572147367892,2.1166881490679965,0,2
9,HYBRID,synthetic,397,0.5271512113617377,0.5470150791130581,1.9874829696913194,0,2
9,HYBRID,synthetic,398,0.5271512113617377,0.4928729434893273,1.8635761884800501,0,2
9,HYBRID,synthetic,399,0.5271512113617377,0.4428729434893274,1.7469489291703515,0,2
9,HYBRID,synthetic,400,0.5271512113617377,0.39287294348932755,1.635770433767845,0,2
9,HYBRID,synthetic,401,0.5271512113617377,0.3507826847277743,1.5290262738722564,0,1
9,HYBRID,synthetic,402,0.5271512113617377,0.3257826847277744,1.4200538002837402,0,1
9,HYBRID,synthetic,403,0.5271512113617377,0.3007826847277745,1.3110813266952235,0,1
9,HYBRID,synthetic,404,0.5271512113617377,0.27578268472777456,1.2021088531067072,0,1
9,HYBRID,synthetic,405,0.5271512113617377,0.25078268472777465,1.0931363795181903,0,1
9,HYBRID,synthetic,406,0.5271512113617377,0.2257826847277747,0.9841639059296742,0,1
9,HYBRID,synthetic,407,0.5271512113617377,0.2007826847277748,0.8751914323411578,0,1
9,HYBRID,synthetic,408,0.5271512113617377,0.17578268472777478,0.7662189587526409,0,1
9,HYBRID,synthetic,409,0.5271512113617377,0.15078268472777476,0.6572464851641238,0,1
9,HYBRID,synthetic,410,0.5271512113617377,0.12578268472777474,0.548274011575607,0,1
9,HYBRID,synthetic,411,0.5271512113617377,0.10078268472777471,0.43930153798709,0,1
9,HYBRID,synthetic,412,0.5271512113617377,0.07578268472777469,0.3303290643985731,0,1
9,HYBRID,synthetic,413,0.5271512113617377,0.050782684727774675,0.2213565908100561,0,1
9,HYBRID,synthetic,414,0.5271512113617377,0.02578268472777468,0.1123841172215393,0,1
9,HYBRID,synthetic,415,0.5271512113617377,0.000782684727774681,0.0034116436330224762,0,1
9,HYBRID,synthetic,416,0.5271512113617377,0.0,0.0,0,0
9,HYBRID,synthetic,417,0.5271512113617377,0.0,0.0,0,0
9,HYBRID,synthetic,418,0.5271512113617377,0.0,0.0,0,0
9,HYBRID,synthetic,419,0.5271512113617377,0.0,0.0,0,0
9,HYBRID,synthetic,420,0.5271512113617377,0.0,0.0,0,0
9,HYBRID,synthetic,421,0.5271512113617377,0.0,0.0,0,0
9,HYBRID,synthetic,422,0.5271512113617377,0.0,0.0,0,0
9,HYBRID,synthetic,423,0.5271512113617377,0.0,0.0,0,0
9,HYBRID,synthetic,424,0.5271512113617377,0.0,0.0,0,0
9,HYBRID,synthetic,425,0.5271512113617377,0.0,0.0,0,0
9,HYBRID,synthetic,426,0.5271512113617377,0.0,0.0,0,0
9,HYBRID,synthetic,427,0.5271512113617377,0.0,0.0,0,0
9,HYBRID,synthetic,428,0.5271512113617377,0.0,0.0,0,0
9,HYBRID,synthetic,429,0.5271512113617377,0.0,0.0,0,0
9,HYBRID,synthetic,430,0.5271512113617377,0.0,0.0,0,0
9,HYBRID,synthetic,431,0.5271512113617377,0.0,0.0,0,0
9,HYBRID,synthetic,432,0.5271512113617377,0.0,0.0,0,0
9,HYBRID,synthetic,433,0.5271512113617377,0.0,0.0,0,0
9,HYBRID,synthetic,434,0.5271512113617377,0.0,0.0,0,0
9,HYBRID,synthetic,435,0.5271512113617377,0.0,0.0,0,0
9,HYBRID,synthetic,436,0.5271512113617377,0.0,0.0,0,0
9,HYBRID,synthetic,437,0.5271512113617377,0.0,0.0,0,0
9,HYBRID,synthetic,438,0.5271512113617377,0.0,0.0,0,0
9,HYBRID,synthetic,439,0.5271512113617377,0.0,0.0,0,0
9,HYBRID,synthetic,440,0.5271512113617377,0.0,0.0,0,0
9,HYBRID,synthetic,441,0.5271512113617377,0.0,0.0,0,0
9,HYBRID,synthetic,442,0.5271512113617377,0.0,0.0,0,0
9,HYBRID,synthetic,443,0.5271512113617377,0.0,0.0,0,0
9,HYBRID,synthetic,444,0.5271512113617377,0.0,0.0,0,0
9,HYBRID,synthetic,445,0.5271512113617377,0.0,0.0,0,0
9,HYBRID,synthetic,446,0.5271512113617377,0.0,0.0,0,0
9,HYBRID,synthetic,447,0.5271512113617377,0.0,0.0,0,0
9,HYBRID,synthetic,448,0.5271512113617377,0.0,0.0,0,0
9,HYBRID,synthetic,449,0.5271512113617377,0.0,0.0,0,0
9,HYBRID,synthetic,450,0.5271512113617377,0.0,0.0,0,0
9,HYBRID,synthetic,451,0.5271512113617377,0.0,0.0,0,0
9,HYBRID,synthetic,452,0.5271512113617377,0.0,0.0,0,0
9,HYBRID,synthetic,453,0.5271512113617377,0.0,0.0,0,0
9,HYBRID,synthetic,454,0.5271512113617377,0.0,0.0,0,0
9,HYBRID,synthetic,455,0.5271512113617377,0.0,0.0,0,0
9,HYBRID,synthetic,456,0.5271512113617377,0.0,0.0,0,0
9,HYBRID,synthetic,457,0.5271512113617377,0.0,0.0,0,0
9,HYBRID,synthetic,458,0.5271512113617377,0.0,0.0,0,0
9,HYBRID,synthetic,459,0.5271512113617377,0.0,0.0,0,0
9,HYBRID,synthetic,460,0.5271512113617377,0.0,0.0,0,0
9,HYBRID,synthetic,461,0.5271512113617377,0.0,0.0,0,0
9,HYBRID,synthetic,462,0.5271512113617377,0.0,0.0,0,0
9,HYBRID,synthetic,463,0.5271512113617377,0.0,0.0,0,0
9,HYBRID,synthetic,464,0.5271512113617377,0.0,0.0,0,0
9,HYBRID,synthetic,465,0.5271512113617377,0.0,0.0,0,0
9,HYBRID,synthetic,466,0.5271512113617377,0.0,0.0,0,0
9,HYBRID,synthetic,467,0.5271512113617377,0.0,0.0,0,0
9,HYBRID,synthetic,468,0.5271512113617377,0.0,0.0,0,0
9,HYBRID,synthetic,469,0.5271512113617377,0.0,0.0,0,0
9,HYBRID,synthetic,470,0.5271512113617377,0.0,0.0,0,0
9,HYBRID,synthetic,471,0.5271512113617377,0.0,0.0,0,0
9,HYBRID,synthetic,472,0.5271512113617377,0.0,0.0,0,0
9,HYBRID,synthetic,473,0.5271512113617377,0.0,0.0,0,0
9,HYBRID,synthetic,474,0.5271512113617377,0.0,0.0,0,0
9,HYBRID,synthetic,475,0.5271512113617377,0.0,0.0,0,0
9,HYBRID,synthetic,476,0.5271512113617377,0.0,0.0,0,0
9,HYBRID,synthetic,477,0.5271512113617377,0.0,0.0,0,0
9,HYBRID,synthetic,478,0.5271512113617377,0.0,0.0,0,0
9,HYBRID,synthetic,479,0.5271512113617377,0.0,0.0,0,0
9,HYBRID,synthetic,480,0.5271512113617377,0.0,0.0,0,0
9,HYBRID,synthetic,481,0.5271512113617377,0.0,0.0,0,0
9,HYBRID,synthetic,482,0.5271512113617377,0.0,0.0,0,0
9,HYBRID,synthetic,483,0.5271512113617377,0.0,0.0,0,0
9,HYBRID,synthetic,484,0.5271512113617377,0.0,0.0,0,0
9,HYBRID,synthetic,485,0.5271512113617377,0.0,0.0,0,0
9,HYBRID,synthetic,486,0.5271512113617377,0.0,0.0,0,0
9,HYBRID,synthetic,487,0.5271512113617377,0.0,0.0,0,0
9,HYBRID,synthetic,488,0.5271512113617377,0.0,0.0,0,0
9,HYBRID,synthetic,489,0.5271512113617377,0.0,0.0,0,0
9,HYBRID,synthetic,490,0.5271512113617377,0.0,0.0,0,0
9,HYBRID,synthetic,491,0.5271512113617377,0.0,0.0,0,0
9,HYBRID,synthetic,492,0.5271512113617377,0.0,0.0,0,0
9,HYBRID,synthetic,493,0.5271512113617377,0.0,0.0,0,0
9,HYBRID,synthetic,494,0.5271512113617377,0.0,0.0,0,0
9,HYBRID,synthetic,495,0.5271512113617377,0.0,0.0,0,0
9,HYBRID,synthetic,496,0.5271512113617377,0.0,0.0,0,0
9,HYBRID,synthetic,497,0.5271512113617377,0.0,0.0,0,0
9,HYBRID,synthetic,498,0.5271512113617377,0.0,0.0,0,0
9,HYBRID,synthetic,499,0.5271512113617377,0.0,0.0,0,0
9,HYBRID,synthetic,500,0.5271512113617377,0.0,0.0,0,0
9,HYBRID,synthetic,501,0.5271512113617377,0.0,0.0,0,0
9,HYBRID,synthetic,502,0.5271512113617377,0.0,0.0,0,0
9,HYBRID,synthetic,503,0.5271512113617377,0.0,0.0,0,0
9,HYBRID,synthetic,504,0.5271512113617377,0.0,0.0,0,0
9,HYBRID,synthetic,505,0.5271512113617377,0.0,0.0,0,0
9,HYBRID,synthetic,506,0.5271512113617377,0.0,0.0,0,0
9,HYBRID,synthetic,507,0.5271512113617377,0.0,0.0,0,0
9,HYBRID,synthetic,508,0.5271512113617377,0.0,0.0,0,0
9,HYBRID,synthetic,509,0.5271512113617377,0.0,0.0,0,0
9,HYBRID,synthetic,510,0.5271512113617377,0.0,0.0,0,0
9,HYBRID,synthetic,511,0.5271512113617377,0.0,0.0,0,0
9,HYBRID,synthetic,512,0.5271512113617377,0.0,0.0,0,0
9,HYBRID,synthetic,513,0.5271512113617377,0.0,0.0,0,0
9,HYBRID,synthetic,514,0.5271512113617377,0.0,0.0,0,0
9,HYBRID,synthetic,515,0.5271512113617377,0.0,0.0,0,0
9,HYBRID,synthetic,516,0.5271512113617377,0.0,0.0,0,0
9,HYBRID,synthetic,517,0.5271512113617377,0.0,0.0,0,0
9,HYBRID,synthetic,518,0.5271512113617377,0.0,0.0,0,0
9,HYBRID,synthetic,519,0.5271512113617377,0.0,0.0,0,0
9,HYBRID,synthetic,520,0.5271512113617377,0.0,0.0,0,0
9,HYBRID,synthetic,521,0.5271512113617377,0.0,0.0,0,0
9,HYBRID,synthetic,522,0.5271512113617377,0.0,0.0,0,0
9,HYBRID,synthetic,523,0.5271512113617377,0.0,0.0,0,0
9,HYBRID,synthetic,524,0.5271512113617377,0.0,0.0,0,0
9,HYBRID,synthetic,525,0.5271512113617377,0.0,0.0,0,0
9,HYBRID,synthetic,526,0.5271512113617377,0.0,0.0,0,0
9,HYBRID,synthetic,527,0.5271512113617377,0.0,0.0,0,0
9,HYBRID,synthetic,528,0.5271512113617377,0.0,0.0,0,0
9,HYBRID,synthetic,529,0.5271512113617377,0.0,0.0,0,0
9,HYBRID,synthetic,530,0.5271512113617377,0.0,0.0,0,0
9,HYBRID,synthetic,531,0.5271512113617377,0.0,0.0,0,0
9,HYBRID,synthetic,532,0.5271512113617377,0.0,0.0,0,0
9,HYBRID,synthetic,533,0.5271512113617377,0.0,0.0,0,0
9,HYBRID,synthetic,534,0.5271512113617377,0.0,0.0,0,0
9,HYBRID,synthetic,535,0.5271512113617377,0.0,0.0,0,0
9,HYBRID,synthetic,536,0.5271512113617377,0.0,0.0,0,0
9,HYBRID,synthetic,537,0.5271512113617377,0.0,0.0,0,0
9,HYBRID,synthetic,538,0.5271512113617377,0.0,0.0,0,0
9,HYBRID,synthetic,539,0.5271512113617377,0.0,0.0,0,0
9,HYBRID,synthetic,540,0.5271512113617377,0.0,0.0,0,0
9,HYBRID,synthetic,541,0.5271512113617377,0.0,0.0,0,0
9,HYBRID,synthetic,542,0.5271512113617377,0.0,0.0,0,0
9,HYBRID,synthetic,543,0.5271512113617377,0.0,0.0,0,0
9,HYBRID,synthetic,544,0.5271512113617377,0.0,0.0,0,0
9,HYBRID,synthetic,545,0.5271512113617377,0.0,0.0,0,0
9,HYBRID,synthetic,546,0.5271512113617377,0.0,0.0,0,0
9,HYBRID,synthetic,547,0.5271512113617377,0.0,0.0,0,0
9,HYBRID,synthetic,548,0.5271512113617377,0.0,0.0,0,0
9,HYBRID,synthetic,549,0.5271512113617377,0.0,0.0,0,0
9,HYBRID,synthetic,550,0.5271512113617377,0.0,0.0,0,0
9,HYBRID,synthetic,551,0.5271512113617377,0.0,0.0,0,0
9,HYBRID,synthetic,552,0.5271512113617377,0.0,0.0,0,0
9,HYBRID,synthetic,553,0.5271512113617377,0.0,0.0,0,0
9,HYBRID,synthetic,554,0.5271512113617377,0.0,0.0,0,0
9,HYBRID,synthetic,555,0.5271512113617377,0.0,0.0,0,0
9,HYBRID,synthetic,556,0.5271512113617377,0.0,0.0,0,0
9,HYBRID,synthetic,557,0.5271512113617377,0.0,0.0,0,0
9,HYBRID,synthetic,558,0.5271512113617377,0.0,0.0,0,0
9,HYBRID,synthetic,559,0.5271512113617377,0.0,0.0,0,0
9,HYBRID,synthetic,560,0.5271512113617377,0.0,0.0,0,0
9,HYBRID,synthetic,561,0.5271512113617377,0.0,0.0,0,0
9,HYBRID,synthetic,562,0.5271512113617377,0.0,0.0,0,0
9,HYBRID,synthetic,563,0.5271512113617377,0.0,0.0,0,0
9,HYBRID,synthetic,564,0.5271512113617377,0.0,0.0,0,0
9,HYBRID,synthetic,565,0.5271512113617377,0.0,0.0,0,0
9,HYBRID,synthetic,566,0.5271512113617377,0.0,0.0,0,0
9,HYBRID,synthetic,567,0.5271512113617377,0.0,0.0,0,0
9,HYBRID,synthetic,568,0.5271512113617377,0.0,0.0,0,0
9,HYBRID,synthetic,569,0.5271512113617377,0.0,0.0,0,0
9,HYBRID,synthetic,570,0.5271512113617377,0.0,0.0,0,0
9,HYBRID,synthetic,571,0.5271512113617377,0.0,0.0,0,0
9,HYBRID,synthetic,572,0.5271512113617377,0.0,0.0,0,0
9,HYBRID,synthetic,573,0.5271512113617377,0.0,0.0,0,0
9,HYBRID,synthetic,574,0.5271512113617377,0.0,0.0,0,0
9,HYBRID,synthetic,575,0.5271512113617377,0.0,0.0,0,0
9,HYBRID,synthetic,576,0.5271512113617377,0.0,0.0,0,0
9,HYBRID,synthetic,577,0.5271512113617377,0.0,0.0,0,0
9,HYBRID,synthetic,578,0.5271512113617377,0.0,0.0,0,0
9,HYBRID,synthetic,579,0.5271512113617377,0.0,0.0,0,0
9,HYBRID,synthetic,580,0.5271512113617377,0.0,0.0,0,0
9,HYBRID,synthetic,581,0.5271512113617377,0.0,0.0,0,0
9,HYBRID,synthetic,582,0.5271512113617377,0.0,0.0,0,0
9,HYBRID,synthetic,583,0.5271512113617377,0.0,0.0,0,0
9,HYBRID,synthetic,584,0.5271512113617377,0.0,0.0,0,0
9,HYBRID,synthetic,585,0.5271512113617377,0.0,0.0,0,0
9,HYBRID,synthetic,586,0.5271512113617377,0.0,0.0,0,0
9,HYBRID,synthetic,587,0.5271512113617377,0.0,0.0,0,0
9,HYBRID,synthetic,588,0.5271512113617377,0.0,0.0,0,0
9,HYBRID,synthetic,589,0.5271512113617377,0.0,0.0,0,0
9,HYBRID,synthetic,590,0.5271512113617377,0.0,0.0,0,0
9,HYBRID,synthetic,591,0.5271512113617377,0.0,0.0,0,0
9,HYBRID,synthetic,592,0.5271512113617377,0.0,0.0,0,0
9,HYBRID,synthetic,593,0.5271512113617377,0.0,0.0,0,0
9,HYBRID,synthetic,594,0.5271512113617377,0.0,0.0,0,0
9,HYBRID,synthetic,595,0.5271512113617377,0.0,0.0,0,0
9,HYBRID,synthetic,596,0.5271512113617377,0.0,0.0,0,0
9,HYBRID,synthetic,597,0.5271512113617377,0.0,0.0,0,0
9,HYBRID,synthetic,598,0.5271512113617377,0.0,0.0,0,0
9,HYBRID,synthetic,599,0.5271512113617377,0.0,0.0,0,0
