seed,config,scenario,iteration,tcr,mean_energy,sigma_energy,n_transit,n_exploit
9,HYBRID,synthetic,0,0.3383458646616541,221.52633982591044,0.1414397299759153,11,19
9,HYBRID,synthetic,1,0.4619883040935672,221.01744284941714,0.2361754947779249,4,26
9,HYBRID,synthetic,2,0.5355054302422724,220.43274319409343,0.31545721249984676,2,28
9,HYBRID,synthetic,3,0.5597326649958229,219.8616417289732,0.3713184752650521,2,28
9,HYBRID,synthetic,4,0.581453634085213,219.27373228544081,0.39050561024548014,1,29
9,HYBRID,synthetic,5,0.5923141186299081,218.6763546839227,0.43871533589790973,2,28
9,HYBRID,synthetic,6,0.5989974937343359,218.08976098451927,0.4835242906014945,3,27
9,HYBRID,synthetic,7,0.6031746031746031,217.53219276205434,0.563942659140478,1,29
9,HYBRID,synthetic,8,0.6031746031746031,216.94841409752098,0.6397674988686558,1,29
9,HYBRID,synthetic,9,0.6040100250626567,216.36843390754854,0.7028965683000941,1,29
9,HYBRID,synthetic,10,0.6073517126148705,215.77235598591233,0.7394402385141723,1,29
9,HYBRID,synthetic,11,0.6090225563909775,215.1624709455304,0.7908840676582027,1,29
9,HYBRID,synthetic,12,0.6106934001670844,214.56915444764334,0.8445557766376259,1,29
9,HYBRID,synthetic,13,0.6165413533834586,213.98964506850197,0.8931404126708306,1,29
9,HYBRID,synthetic,14,0.6165413533834586,213.40822840683714,0.9659262547498412,1,29
9,HYBRID,synthetic,15,0.6198830409356725,212.83148045144495,1.008860808632065,1,29
9,HYBRID,synthetic,16,0.6198830409356725,212.24368680105624,1.0546567750913909,1,29
9,HYBRID,synthetic,17,0.6248955722639933,211.65052513435614,1.1562243204114424,1,29
9,HYBRID,synthetic,18,0.6248955722639933,211.05720863646908,1.2048095888542814,1,29
9,HYBRID,synthetic,19,0.6248955722639933,210.48120924163607,1.2648034184480763,1,29
9,HYBRID,synthetic,20,0.6265664160401002,209.90357984041276,1.3764778391543677,1,29
9,HYBRID,synthetic,21,0.6265664160401002,209.31899079745133,1.4551962624942534,1,29
9,HYBRID,synthetic,22,0.6265664160401002,208.72981643518798,1.502113463066408,1,29
9,HYBRID,synthetic,23,0.6265664160401002,208.14478420854843,1.5481611868345935,1,29
9,HYBRID,synthetic,24,0.6265664160401002,207.5614621751815,1.6302103544663504,1,29
9,HYBRID,synthetic,25,0.6307435254803676,206.97676448472,1.7219417356239481,1,29
9,HYBRID,synthetic,26,0.6340852130325815,206.3972551055787,1.7669528304628963,1,29
9,HYBRID,synthetic,27,0.6340852130325815,205.81222287893905,1.8186433036011291,1,29
9,HYBRID,synthetic,28,0.6340852130325815,205.2064799741809,1.870871253617394,1,29
9,HYBRID,synthetic,29,0.6340852130325815,204.62250732221176,1.9787970817863276,1,29
9,HYBRID,synthetic,30,0.6340852130325815,204.03195224807385,2.0276575195846003,1,29
9,HYBRID,synthetic,31,0.6340852130325815,203.42759005519017,2.078700304481,1,29
9,HYBRID,synthetic,32,0.6340852130325815,202.8466999641743,2.130446077492501,1,29
9,HYBRID,synthetic,33,0.6382623224728488,202.26327240927588,2.2128868127336996,1,29
9,HYBRID,synthetic,34,0.6382623224728488,201.70309299637873,2.2595852284973597,1,29
9,HYBRID,synthetic,35,0.6382623224728488,201.13380614487514,2.352167000645439,1,29
9,HYBRID,synthetic,36,0.6382623224728488,200.5679837520452,2.441741698629334,1,29
9,HYBRID,synthetic,37,0.6382623224728488,199.99552122485872,2.5212442518544256,1,29
9,HYBRID,synthetic,38,0.6382623224728488,199.4141024510771,2.563434562089806,0,30
9,HYBRID,synthetic,39,0.6390977443609023,198.8409247217245,2.6005714801118716,1,29
9,HYBRID,synthetic,40,0.6390977443609023,198.260843432999,2.63706649345104,0,30
9,HYBRID,synthetic,41,0.6390977443609023,197.6586707542803,2.6782996482710644,1,29
9,HYBRID,synthetic,42,0.6399331662489557,197.0703051943074,2.7229517693568925,0,30
9,HYBRID,synthetic,43,0.6399331662489557,196.4695132274633,2.7658311605538755,1,29
9,HYBRID,synthetic,44,0.6407685881370092,195.88667051498868,2.8003604651153586,0,30
9,HYBRID,synthetic,45,0.6407685881370092,195.29002068376832,2.8426482434917153,1,29
9,HYBRID,synthetic,46,0.6407685881370092,194.69060942879875,2.8906640677098454,0,30
9,HYBRID,synthetic,47,0.6407685881370092,194.10914742819872,2.931203069255751,1,29
9,HYBRID,synthetic,48,0.6407685881370092,193.51663973260204,2.973241174043528,0,30
9,HYBRID,synthetic,49,0.6407685881370092,192.92965488450366,3.0156024988048458,1,29
9,HYBRID,synthetic,50,0.6407685881370092,192.3343857651579,3.0586990051198844,0,30
9,HYBRID,synthetic,51,0.6407685881370092,191.75016234080874,3.095802817744638,1,29
9,HYBRID,synthetic,52,0.6407685881370092,191.17008105208328,3.1284966088485073,0,30
9,HYBRID,synthetic,53,0.6407685881370092,190.59414189898155,3.171924282237972,1,29
9,HYBRID,synthetic,54,0.6407685881370092,190.00301491525943,3.214105604283924,0,30
9,HYBRID,synthetic,55,0.6407685881370092,189.4091265077882,3.2548921414867005,1,29
9,HYBRID,synthetic,56,0.6407685881370092,188.82352237156445,3.2960328464814084,0,30
9,HYBRID,synthetic,57,0.6407685881370092,188.23101467596777,3.3371781442617476,1,29
9,HYBRID,synthetic,58,0.6407685881370092,187.64264911599486,3.3802643682113485,0,30
9,HYBRID,synthetic,59,0.6407685881370092,187.05290284414735,3.417374902218012,1,29
9,HYBRID,synthetic,60,0.6407685881370092,186.46453728417438,3.465406494153749,0,30
9,HYBRID,synthetic,61,0.6407685881370092,185.8747910123269,3.5084978473732282,1,29
9,HYBRID,synthetic,62,0.6407685881370092,185.30437470672348,3.5517165479617163,0,30
9,HYBRID,synthetic,63,0.6407685881370092,184.70634416362844,3.5953384145456826,1,29
9,HYBRID,synthetic,64,0.6407685881370092,184.12626287490306,3.6416258377719046,0,30
9,HYBRID,synthetic,65,0.6407685881370092,183.53237446743185,3.6868529383282005,1,29
9,HYBRID,synthetic,66,0.6407685881370092,182.93848605996058,3.731264938919935,0,30
9,HYBRID,synthetic,67,0.6407685881370092,182.355643347486,3.780431326667873,1,29
9,HYBRID,synthetic,68,0.6407685881370092,181.7714199231368,3.833439353299068,0,30
9,HYBRID,synthetic,69,0.6407685881370092,181.18443507503844,3.884778777864151,1,29
9,HYBRID,synthetic,70,0.6407685881370092,180.57812026069598,3.935228331824737,0,30
9,HYBRID,synthetic,71,0.6407685881370092,179.99527754822142,3.985717638846377,1,29
9,HYBRID,synthetic,72,0.6407685881370092,179.398627717001,4.032123073366037,0,30
9,HYBRID,synthetic,73,0.6407685881370092,178.81164286890262,4.07889849166079,1,29
9,HYBRID,synthetic,74,0.6407685881370092,178.21775446143138,4.131738787751286,0,30
9,HYBRID,synthetic,75,0.6407685881370092,177.6307696133331,4.181654034122274,1,29
9,HYBRID,synthetic,76,0.6407685881370092,177.04792690085844,4.232765360513507,0,30
9,HYBRID,synthetic,77,0.6407685881370092,176.45956134088553,4.2848273880100605,1,29
9,HYBRID,synthetic,78,0.6407685881370092,175.8780993402855,4.323954121017563,0,30
9,HYBRID,synthetic,79,0.6407685881370092,175.2938759159363,4.375752909247209,1,29
9,HYBRID,synthetic,80,0.6407685881370092,174.706891067838,4.430273926633527,0,30
9,HYBRID,synthetic,81,0.6407685881370092,174.1226676434888,4.479877368459325,1,29
9,HYBRID,synthetic,82,0.6407685881370092,173.52049496477008,4.52394232088602,0,30
9,HYBRID,synthetic,83,0.6407685881370092,172.95007865916662,4.5628616695563755,1,29
9,HYBRID,synthetic,84,0.6407685881370092,172.35619025169544,4.61267262614641,0,30
9,HYBRID,synthetic,85,0.6407685881370092,171.76368255609876,4.667712753249589,1,29
9,HYBRID,synthetic,86,0.6407685881370092,171.18498197924785,4.714164503547809,0,30
9,HYBRID,synthetic,87,0.6407685881370092,170.60075855489868,4.758787843590089,1,29
9,HYBRID,synthetic,88,0.6407685881370092,170.02205797804783,4.8072012797148425,0,30
9,HYBRID,synthetic,89,0.6407685881370092,169.4378345536986,4.864879636950051,1,29
9,HYBRID,synthetic,90,0.6407685881370092,168.86189540059686,4.922429748077721,0,30
9,HYBRID,synthetic,91,0.6407685881370092,168.27905268812225,4.979682558518215,1,29
9,HYBRID,synthetic,92,0.6407685881370092,167.70863638251882,5.017955701087174,0,30
9,HYBRID,synthetic,93,0.6407685881370092,167.1340779412917,5.074167971422808,1,29
9,HYBRID,synthetic,94,0.6407685881370092,166.54571238131874,5.117343784621235,0,30
9,HYBRID,synthetic,95,0.6407685881370092,165.9642503807187,5.170142566267227,1,29
9,HYBRID,synthetic,96,0.6407685881370092,165.38416909199324,5.22012811699458,0,30
9,HYBRID,synthetic,97,0.6407685881370092,164.7916613963966,5.267304873426637,1,29
9,HYBRID,synthetic,98,0.6407685881370092,164.20467654829824,5.31263739792381,0,30
9,HYBRID,synthetic,99,0.6407685881370092,163.60802671707788,5.366264580321139,1,29
9,HYBRID,synthetic,100,0.6407685881370092,163.01828044523035,5.418253836057147,0,30
9,HYBRID,synthetic,101,0.6407685881370092,162.43957986837947,5.461434280262043,1,29
9,HYBRID,synthetic,102,0.6407685881370092,161.8664021390269,5.509885233142931,0,30
9,HYBRID,synthetic,103,0.6407685881370092,161.28494013842683,5.558711509347292,1,29
9,HYBRID,synthetic,104,0.6407685881370092,160.6993360022031,5.619729879796617,0,30
9,HYBRID,synthetic,105,0.6407685881370092,160.11925471347757,5.679649657687272,1,29
9,HYBRID,synthetic,106,0.6407685881370092,159.52536630600642,5.7235355996433,0,30
9,HYBRID,synthetic,107,0.6407685881370092,158.93147789853512,5.779237841404311,1,29
9,HYBRID,synthetic,108,0.6407685881370092,158.330685931691,5.825688584195814,0,30
9,HYBRID,synthetic,109,0.6407685881370092,157.74784321921646,5.879044757937348,1,29
9,HYBRID,synthetic,110,0.6407685881370092,157.16085837111808,5.9303019224359685,0,30
9,HYBRID,synthetic,111,0.6407685881370092,156.58353850614176,5.981462489758268,1,29
9,HYBRID,synthetic,112,0.6407685881370092,155.9993150817926,6.037154377226651,0,30
9,HYBRID,synthetic,113,0.6407685881370092,155.4219952168163,6.089912628731667,1,29
9,HYBRID,synthetic,114,0.6407685881370092,154.8363910805925,6.138751888875959,0,30
9,HYBRID,synthetic,115,0.6407685881370092,154.24250267312127,6.194473255820986,1,29
9,HYBRID,synthetic,116,0.6407685881370092,153.65275640127376,6.242683943177488,0,30
9,HYBRID,synthetic,117,0.6407685881370092,153.06577155317544,6.301727011489342,1,29
9,HYBRID,synthetic,118,0.6407685881370092,152.48845168819915,6.351112817544772,0,30
9,HYBRID,synthetic,119,0.6407685881370092,151.9056089757245,6.3977025363920585,1,29
9,HYBRID,synthetic,120,0.6407685881370092,151.31172056825326,6.453336131415832,0,30
9,HYBRID,synthetic,121,0.6407685881370092,150.7274971439041,6.505753931046889,1,29
9,HYBRID,synthetic,122,0.6407685881370092,150.1349894483074,6.565830921988422,0,30
9,HYBRID,synthetic,123,0.6407685881370092,149.56043100708027,6.617917025232477,1,29
9,HYBRID,synthetic,124,0.6407685881370092,148.96654259960903,6.6770784390584845,0,30
9,HYBRID,synthetic,125,0.6407685881370092,148.3781770396361,6.7289784570706646,1,29
9,HYBRID,synthetic,126,0.6407685881370092,147.79671503903603,6.777966767660325,0,30
9,HYBRID,synthetic,127,0.6407685881370092,147.20696876718856,6.8324015546145835,1,29
9,HYBRID,synthetic,128,0.6407685881370092,146.62274534283935,6.884611488702528,0,30
9,HYBRID,synthetic,129,0.6407685881370092,146.03714120661562,6.9400464242214515,1,29
9,HYBRID,synthetic,130,0.6407685881370092,145.4598213416393,6.996052253079403,0,30
9,HYBRID,synthetic,131,0.6407685881370092,144.8742172054155,7.056773213831876,1,29
9,HYBRID,synthetic,132,0.6407685881370092,144.28723235731715,7.113440766113369,0,30
9,HYBRID,synthetic,133,0.6407685881370092,143.7016282210934,7.16583086284889,1,29
9,HYBRID,synthetic,134,0.6407685881370092,143.11326266112047,7.217914564567511,0,30
9,HYBRID,synthetic,135,0.6407685881370092,142.53041994864586,7.26771234613825,1,29
9,HYBRID,synthetic,136,0.6407685881370092,141.93929296492377,7.318431536485061,0,30
9,HYBRID,synthetic,137,0.6407685881370092,141.3550695405746,7.36785154927256,1,29
9,HYBRID,synthetic,138,0.6407685881370092,140.75980042122873,7.42395459359839,0,30
9,HYBRID,synthetic,139,0.6407685881370092,140.16729272563214,7.479812237000896,1,29
9,HYBRID,synthetic,140,0.6407685881370092,139.56926218253713,7.535971600122983,0,30
9,HYBRID,synthetic,141,0.6407685881370092,138.97951591068966,7.592440033136719,1,29
9,HYBRID,synthetic,142,0.6407685881370092,138.3925310625913,7.643989899306672,0,30
9,HYBRID,synthetic,143,0.6407685881370092,137.7958812313709,7.700819797581304,1,29
9,HYBRID,synthetic,144,0.6407685881370092,137.22132279014374,7.761599620275207,0,30
9,HYBRID,synthetic,145,0.6407685881370092,136.63433794204542,7.812210583232172,1,29
9,HYBRID,synthetic,146,0.6407685881370092,136.05011451769622,7.867186717614619,0,30
9,HYBRID,synthetic,147,0.6407685881370092,135.46312966959786,7.911556571321217,1,29
9,HYBRID,synthetic,148,0.6407685881370092,134.87338339775036,7.972631262967812,0,30
9,HYBRID,synthetic,149,0.6407685881370092,134.2808757021537,8.024985186363258,1,29
9,HYBRID,synthetic,150,0.6407685881370092,133.6925101421808,8.08555965543076,0,30
9,HYBRID,synthetic,151,0.6407685881370092,133.1207131247028,8.145868138106863,1,29
9,HYBRID,synthetic,152,0.6407685881370092,132.54339325972649,8.198061046236312,0,30
9,HYBRID,synthetic,153,0.6407685881370092,131.94674342850607,8.250587363710464,1,29
9,HYBRID,synthetic,154,0.6407685881370092,131.36390071603148,8.308476813862201,0,30
9,HYBRID,synthetic,155,0.6407685881370092,130.77967729168228,8.360223307144329,1,29
9,HYBRID,synthetic,156,0.6407685881370092,130.19821529108225,8.410369435737852,0,30
9,HYBRID,synthetic,157,0.6407685881370092,129.61261115485846,8.471593749459753,1,29
9,HYBRID,synthetic,158,0.6407685881370092,129.02286488301095,8.524821450389368,0,30
9,HYBRID,synthetic,159,0.6407685881370092,128.4441643061601,8.572747050583704,1,29
9,HYBRID,synthetic,160,0.6407685881370092,127.86132159368547,8.627724872274019,0,30
9,HYBRID,synthetic,161,0.6407685881370092,127.27709816933627,8.688269263135364,1,29
9,HYBRID,synthetic,162,0.6407685881370092,126.69425545686165,8.748084767567617,0,30
9,HYBRID,synthetic,163,0.6407685881370092,126.1072706087633,8.799471563726714,1,29
9,HYBRID,synthetic,164,0.6407685881370092,125.52442789628869,8.854273934831033,0,30
9,HYBRID,synthetic,165,0.6407685881370092,124.95677301443442,8.91135998337937,1,29
9,HYBRID,synthetic,166,0.6407685881370092,124.3877374207056,8.965291687302315,0,30
9,HYBRID,synthetic,167,0.6407685881370092,123.79522972510891,9.015928434119356,1,29
9,HYBRID,synthetic,168,0.6407685881370092,123.20548345326145,9.072723850578235,0,30
9,HYBRID,synthetic,169,0.6407685881370092,122.61159504579021,9.123427381324806,1,29
9,HYBRID,synthetic,170,0.6407685881370092,122.01770663831896,9.181612021704709,0,30
9,HYBRID,synthetic,171,0.6407685881370092,121.4265796545969,9.238842377158546,1,29
9,HYBRID,synthetic,172,0.6407685881370092,120.83545267087479,9.290403766313055,0,30
9,HYBRID,synthetic,173,0.6407685881370092,120.23880283965443,9.345783144217046,1,29
9,HYBRID,synthetic,174,0.6407685881370092,119.64629514405776,9.395649604890478,0,30
9,HYBRID,synthetic,175,0.6407685881370092,119.04826460096278,9.443174915910783,1,29
9,HYBRID,synthetic,176,0.6407685881370092,118.44885334599324,9.495537444539403,0,30
9,HYBRID,synthetic,177,0.6407685881370092,117.85496493852199,9.550381341629235,1,29
9,HYBRID,synthetic,178,0.6407685881370092,117.26521866667447,9.599860285847223,0,30
9,HYBRID,synthetic,179,0.6407685881370092,116.67961453045072,9.63938617913191,1,29
9,HYBRID,synthetic,180,0.6407685881370092,116.09539110610154,9.693689409330071,0,30
9,HYBRID,synthetic,181,0.6407685881370092,115.5084062580032,9.742511023623925,1,29
9,HYBRID,synthetic,182,0.6407685881370092,114.92142140990485,9.791769476079793,0,30
9,HYBRID,synthetic,183,0.6407685881370092,114.33167513805735,9.843232730437359,1,29
9,HYBRID,synthetic,184,0.6407685881370092,113.7433095780844,9.89661872193362,0,30
9,HYBRID,synthetic,185,0.6407685881370092,113.15356330623693,9.93977162425244,1,29
9,HYBRID,synthetic,186,0.6407685881370092,112.57210130563688,9.978689696994087,0,30
9,HYBRID,synthetic,187,0.6407685881370092,111.98925859316228,10.029035323566744,1,29
9,HYBRID,synthetic,188,0.6407685881370092,111.40089303318932,10.076659323848641,0,30
9,HYBRID,synthetic,189,0.6407685881370092,110.81114676134185,10.13651681505869,1,29
9,HYBRID,synthetic,190,0.6407685881370092,110.20759337074855,10.199396305385665,0,30
9,HYBRID,synthetic,191,0.6407685881370092,109.61508567515189,10.257364224871939,1,29
9,HYBRID,synthetic,192,0.6407685881370092,109.03500438642645,10.317886237410816,0,30
9,HYBRID,synthetic,193,0.6407685881370092,108.43835455520606,10.361768702847773,1,29
9,HYBRID,synthetic,194,0.6407685881370092,107.84308543586025,10.407838823889694,0,30
9,HYBRID,synthetic,195,0.6407685881370092,107.25195845213815,10.469956022276088,1,29
9,HYBRID,synthetic,196,0.6407685881370092,106.66911573966352,10.522231058037981,0,30
9,HYBRID,synthetic,197,0.6407685881370092,106.06970448469399,10.576273583988206,1,29
9,HYBRID,synthetic,198,0.6407685881370092,105.48548106034482,10.635143166796617,0,30
9,HYBRID,synthetic,199,0.6407685881370092,104.89849621224647,10.681156437516005,1,29
9,HYBRID,synthetic,200,0.6407685881370092,104.30322709290067,10.72491339742967,0,30
9,HYBRID,synthetic,201,0.6407685881370092,103.7217650923006,10.771827311228687,1,29
9,HYBRID,synthetic,202,0.6407685881370092,103.1264959729548,10.832466633901438,0,30
9,HYBRID,synthetic,203,0.6407685881370092,102.55055681985307,10.89189631982363,1,29
9,HYBRID,synthetic,204,0.6407685881370092,101.96633339550385,10.932855540838183,0,30
9,HYBRID,synthetic,205,0.6407685881370092,101.37658712365638,11.001635314051885,1,29
9,HYBRID,synthetic,206,0.6407685881370092,100.7840794280597,11.054447288320272,0,30
9,HYBRID,synthetic,207,0.6407685881370092,100.20537885120883,11.104186797352547,1,29
9,HYBRID,synthetic,208,0.6407685881370092,99.61563257936133,11.168184967298226,0,30
9,HYBRID,synthetic,209,0.6407685881370092,99.01898274814093,11.22720238648155,1,29
9,HYBRID,synthetic,210,0.6407685881370092,98.41957149317138,11.285170016804784,0,30
9,HYBRID,synthetic,211,0.6407685881370092,97.84363234006968,11.342624555781446,1,29
9,HYBRID,synthetic,212,0.6407685881370092,97.25802820384591,11.382367652568615,0,30
9,HYBRID,synthetic,213,0.6407685881370092,96.65999766075097,11.42950680412144,1,29
9,HYBRID,synthetic,214,0.6407685881370092,96.05644427015767,11.476265399787586,0,30
9,HYBRID,synthetic,215,0.6407685881370092,95.48188582893049,11.528024568886822,1,29
9,HYBRID,synthetic,216,0.6407685881370092,94.89490098083215,11.589443055192158,0,30
9,HYBRID,synthetic,217,0.6407685881370092,94.31343898023214,11.645212826186102,1,29
9,HYBRID,synthetic,218,0.6407685881370092,93.73749982713039,11.693225221336585,0,30
9,HYBRID,synthetic,219,0.6407685881370092,93.14361141965917,11.749142306915791,1,29
9,HYBRID,synthetic,220,0.6407685881370092,92.54696158843875,11.798779906354211,0,30
9,HYBRID,synthetic,221,0.6407685881370092,91.96273816408957,11.84887977682706,1,29
9,HYBRID,synthetic,222,0.6407685881370092,91.36884975661835,11.903617662822775,0,30
9,HYBRID,synthetic,223,0.6407685881370092,90.79291060351657,11.962415723876315,1,29
9,HYBRID,synthetic,224,0.6407685881370092,90.19902219604538,12.012230635752637,0,30
9,HYBRID,synthetic,225,0.6407685881370092,89.61617948357075,12.073009516471538,1,29
9,HYBRID,synthetic,226,0.6407685881370092,89.030575347347,12.130866165558388,0,30
9,HYBRID,synthetic,227,0.6407685881370092,88.43530622800117,12.170385543509308,1,29
9,HYBRID,synthetic,228,0.6407685881370092,87.85108280365198,12.213048735497678,0,30
9,HYBRID,synthetic,229,0.6407685881370092,87.27100151492654,12.265502619726657,1,29
9,HYBRID,synthetic,230,0.6407685881370092,86.69368164995022,12.304050518354437,0,30
9,HYBRID,synthetic,231,0.6407685881370092,86.10807751372646,12.357089611223085,1,29
9,HYBRID,synthetic,232,0.6407685881370092,85.51418910625522,12.406403158074392,0,30
9,HYBRID,synthetic,233,0.6407685881370092,84.92168141065858,12.452350675399266,1,29
9,HYBRID,synthetic,234,0.6407685881370092,84.34436154568228,12.508316958949328,0,30
9,HYBRID,synthetic,235,0.6407685881370092,83.75599598570936,12.553947197877296,1,29
9,HYBRID,synthetic,236,0.6407685881370092,83.1621075782381,12.602657829902862,0,30
9,HYBRID,synthetic,237,0.6407685881370092,82.55165062827193,12.654261429553209,1,29
9,HYBRID,synthetic,238,0.6407685881370092,81.94809723767868,12.71223830539738,0,30
9,HYBRID,synthetic,239,0.6407685881370092,81.33902099958708,12.763542706885447,1,29
9,HYBRID,synthetic,240,0.6407685881370092,80.74789401586501,12.814979776960808,0,30
9,HYBRID,synthetic,241,0.6407685881370092,80.15814774401751,12.874648896537774,1,29
9,HYBRID,synthetic,242,0.6407685881370092,79.5753050315429,12.938647520035385,0,30
9,HYBRID,synthetic,243,0.6407685881370092,78.9855587596954,12.995133106773357,1,29
9,HYBRID,synthetic,244,0.6407685881370092,78.39995462347164,13.054030089725405,0,30
9,HYBRID,synthetic,245,0.6407685881370092,77.79087838538005,13.110030730512161,1,29
9,HYBRID,synthetic,246,0.6407685881370092,77.1873249947868,13.164847913432903,0,30
9,HYBRID,synthetic,247,0.6407685881370092,76.59343658731558,13.200500914469652,1,29
9,HYBRID,synthetic,248,0.6407685881370092,76.00369031546806,13.243691830729013,0,30
9,HYBRID,synthetic,249,0.6407685881370092,75.40980190799684,13.282348617604596,1,29
9,HYBRID,synthetic,250,0.6407685881370092,74.81591350052561,13.334428318053869,0,30
9,HYBRID,synthetic,251,0.6407685881370092,74.23307078805098,13.377915317152874,1,29
9,HYBRID,synthetic,252,0.6407685881370092,73.64608593995266,13.439864161909577,0,30
9,HYBRID,synthetic,253,0.6407685881370092,73.053578244356,13.484379066438498,1,29
9,HYBRID,synthetic,254,0.6407685881370092,72.47211624375596,13.528525840757844,0,30
9,HYBRID,synthetic,255,0.6407685881370092,71.89065424315594,13.580196329413607,1,29
9,HYBRID,synthetic,256,0.6407685881370092,71.28986227631182,13.629410268488,0,30
9,HYBRID,synthetic,257,0.6407685881370092,70.69183173321684,13.673311646218513,1,29
9,HYBRID,synthetic,258,0.6407685881370092,70.09932403762019,13.719222311999895,0,30
9,HYBRID,synthetic,259,0.6407685881370092,69.51095847764728,13.76481075946682,1,29
9,HYBRID,synthetic,260,0.6407685881370092,68.91707007017605,13.80645942755939,0,30
9,HYBRID,synthetic,261,0.6407685881370092,68.33698878145059,13.857008353753972,1,29
9,HYBRID,synthetic,262,0.6407685881370092,67.75552678085054,13.902301147680644,0,30
9,HYBRID,synthetic,263,0.6407685881370092,67.1574962377556,13.948591672038177,1,29
9,HYBRID,synthetic,264,0.6407685881370092,66.57465352528098,13.994171346648312,0,30
9,HYBRID,synthetic,265,0.6407685881370092,65.98628796530807,14.04687187684114,1,29
9,HYBRID,synthetic,266,0.6407685881370092,65.3937802697114,14.102296896662619,0,30
9,HYBRID,synthetic,267,0.6407685881370092,64.80265328598935,14.147694528471645,1,29
9,HYBRID,synthetic,268,0.6407685881370092,64.21152630226726,14.202692708381399,0,30
9,HYBRID,synthetic,269,0.6407685881370092,63.64110999666385,14.257740537138796,1,29
9,HYBRID,synthetic,270,0.6407685881370092,63.058267284189235,14.31631363925866,0,30
9,HYBRID,synthetic,271,0.6407685881370092,62.47818599546379,14.362810376625305,1,29
9,HYBRID,synthetic,272,0.6407685881370092,61.90224684236207,14.413686946611122,0,30
9,HYBRID,synthetic,273,0.6407685881370092,61.313881282389126,14.451179055865692,1,29
9,HYBRID,synthetic,274,0.6407685881370092,60.729657858039964,14.513449229255299,0,30
9,HYBRID,synthetic,275,0.6407685881370092,60.16062226431111,14.562467219890774,1,29
9,HYBRID,synthetic,276,0.6407685881370092,59.58882524683312,14.610647669378029,0,30
9,HYBRID,synthetic,277,0.6407685881370092,58.99217541561272,14.656639131701523,1,29
9,HYBRID,synthetic,278,0.6407685881370092,58.39690629626692,14.70284596630072,0,30
9,HYBRID,synthetic,279,0.6407685881370092,57.81268287191771,14.75695507685834,1,29
9,HYBRID,synthetic,280,0.6407685881370092,57.23122087131768,14.81495832340664,0,30
9,HYBRID,synthetic,281,0.6407685881370092,56.65666243009053,14.869833753088994,1,29
9,HYBRID,synthetic,282,0.6407685881370092,56.08348470073796,14.927191980177893,0,30
9,HYBRID,synthetic,283,0.6407685881370092,55.50064198826333,14.975196096581595,1,29
9,HYBRID,synthetic,284,0.6407685881370092,54.9260835470362,15.024488576528528,0,30
9,HYBRID,synthetic,285,0.6407685881370092,54.35014439393446,15.081679421956759,1,29
9,HYBRID,synthetic,286,0.6407685881370092,53.790773783327644,15.125228447862671,0,30
9,HYBRID,synthetic,287,0.6407685881370092,53.20240822335472,15.174333696072438,1,29
9,HYBRID,synthetic,288,0.6407685881370092,52.60990052775807,15.224275934048576,0,30
9,HYBRID,synthetic,289,0.6407685881370092,52.03948422215465,15.279382375848124,1,29
9,HYBRID,synthetic,290,0.6407685881370092,51.44697652655798,15.330061410892265,0,30
9,HYBRID,synthetic,291,0.6407685881370092,50.87103737345626,15.386632947463353,1,29
9,HYBRID,synthetic,292,0.6407685881370092,50.293717508479936,15.447378082199275,0,30
9,HYBRID,synthetic,293,0.6407685881370092,49.70949408413074,15.488309540085087,1,29
9,HYBRID,synthetic,294,0.6407685881370092,49.11560567665951,15.540564715177103,0,30
9,HYBRID,synthetic,295,0.6407685881370092,48.53690509980863,15.59390984119982,1,29
9,HYBRID,synthetic,296,0.6407685881370092,47.94992025171027,15.630705265474532,0,30
9,HYBRID,synthetic,297,0.6407685881370092,47.376742522357695,15.68137965275309,1,29
9,HYBRID,synthetic,298,0.6407685881370092,46.79942265738137,15.731750418381509,0,30
9,HYBRID,synthetic,299,0.6407685881370092,46.21796065678132,15.779500031315743,1,29
9,HYBRID,synthetic,300,0.6407685881370092,45.63373723243214,15.836249377282334,0,30
9,HYBRID,synthetic,301,0.6407685881370092,45.053655943706666,15.895498104933658,1,29
9,HYBRID,synthetic,302,0.6407685881370092,44.46114824811,15.952623551914229,0,30
9,HYBRID,synthetic,303,0.6407685881370092,43.872782688137086,16.00296705831967,1,29
9,HYBRID,synthetic,304,0.6407685881370092,43.291320687537045,16.057908120462386,0,30
9,HYBRID,synthetic,305,0.6407685881370092,42.68362516132004,16.11213020237706,1,29
9,HYBRID,synthetic,306,0.6407685881370092,42.082833194475924,16.171536189552477,0,30
9,HYBRID,synthetic,307,0.6407685881370092,41.48894478700468,16.228236312291155,1,29
9,HYBRID,synthetic,308,0.6407685881370092,40.913005633902934,16.275443952787057,0,30
9,HYBRID,synthetic,309,0.6407685881370092,40.32464007393001,16.333374044065966,1,29
9,HYBRID,synthetic,310,0.6407685881370092,39.75008163270285,16.381380413599178,0,30
9,HYBRID,synthetic,311,0.6407685881370092,39.16861963210281,16.431101002981713,1,29
9,HYBRID,synthetic,312,0.6407685881370092,38.58991905525192,16.470184413020114,0,30
9,HYBRID,synthetic,313,0.6407685881370092,37.99879207152983,16.53235910987738,1,29
9,HYBRID,synthetic,314,0.6407685881370092,37.409943728197696,16.5650428037927,0,29
9,HYBRID,synthetic,315,0.6407685881370092,36.85895551301007,16.57092932672425,1,28
9,HYBRID,synthetic,316,0.6407685881370092,36.302256412158506,16.534697185359693,0,28
9,HYBRID,synthetic,317,0.6407685881370092,35.743082049895186,16.479322146190317,1,27
9,HYBRID,synthetic,318,0.6407685881370092,35.1990955182522,16.439228226953453,0,28
9,HYBRID,synthetic,319,0.6407685881370092,34.653728274734654,16.38339137309296,1,27
9,HYBRID,synthetic,320,0.6407685881370092,34.11526459058998,16.32445647682632,0,28
9,HYBRID,synthetic,321,0.6407685881370092,33.572658770821576,16.27726697801369,1,27
9,HYBRID,synthetic,322,0.6407685881370092,33.02453010355486,16.229431098637143,0,28
9,HYBRID,synthetic,323,0.6407685881370092,32.48330499566104,16.18717387471035,1,27
9,HYBRID,synthetic,324,0.6407685881370092,31.93379561651975,16.14118990763778,0,28
9,HYBRID,synthetic,325,0.6407685881370092,31.39947406799881,16.108589805936383,1,27
9,HYBRID,synthetic,326,0.6407685881370092,30.86239109572871,16.06706587230841,0,28
9,HYBRID,synthetic,327,0.6407685881370092,30.31978527596031,16.035109314287936,1,27
9,HYBRID,synthetic,328,0.6407685881370092,29.774418032442757,16.00108986270773,0,28
9,HYBRID,synthetic,329,0.6407685881370092,29.231812212674352,15.960737656034274,1,27
9,HYBRID,synthetic,330,0.6407685881370092,28.685064257282214,15.939623469193428,0,28
9,HYBRID,synthetic,331,0.6407685881370092,28.128651318768046,15.914384482465774,1,27
9,HYBRID,synthetic,332,0.6407685881370092,27.598471905870834,15.87555671539931,0,28
9,HYBRID,synthetic,333,0.6407685881370092,27.05724679797701,15.849874988377548,1,27
9,HYBRID,synthetic,334,0.6407685881370092,26.51602169008318,15.818661070403229,0,28
9,HYBRID,synthetic,335,0.6407685881370092,25.986746737061953,15.769854889292137,1,26
9,HYBRID,synthetic,336,0.6407685881370092,25.458046160211065,15.707399642032007,0,27
9,HYBRID,synthetic,337,0.6407685881370092,24.948675549604253,15.6307273691855,1,26
9,HYBRID,synthetic,338,0.6407685881370092,24.428259244000824,15.577126893767465,0,27
9,HYBRID,synthetic,339,0.6407685881370092,23.8954165315262,15.522600999809724,1,26
9,HYBRID,synthetic,340,0.6407685881370092,23.36809666654988,15.468617795446983,0,27
9,HYBRID,synthetic,341,0.6407685881370092,22.871751121062665,15.391561636162738,1,24
9,HYBRID,synthetic,342,0.6407685881370092,22.406148834276276,15.260621382106732,0,24
9,HYBRID,synthetic,343,0.6407685881370092,21.948158935544043,15.109543226962584,1,23
9,HYBRID,synthetic,344,0.6407685881370092,21.50647853474545,14.948479147655162,0,23
9,HYBRID,synthetic,345,0.6407685881370092,21.06929743830361,14.774137876316487,1,22
9,HYBRID,synthetic,346,0.6407685881370092,20.63763918936008,14.601710725998919,0,23
9,HYBRID,synthetic,347,0.6407685881370092,20.200458092918243,14.430301137115658,1,22
9,HYBRID,synthetic,348,0.6407685881370092,19.76603842022556,14.256098148276665,0,23
9,HYBRID,synthetic,349,0.6407685881370092,19.326095900034563,14.089831977506332,1,22
9,HYBRID,synthetic,350,0.6407685881370092,18.902721922338493,13.935560165940041,0,23
9,HYBRID,synthetic,351,0.6407685881370092,18.46416011402208,13.7712877293457,1,22
9,HYBRID,synthetic,352,0.6407685881370092,18.032501865078547,13.61348953193811,0,23
9,HYBRID,synthetic,353,0.6407685881370092,17.598082192385863,13.457150304957269,1,22
9,HYBRID,synthetic,354,0.6407685881370092,17.162281807818605,13.308326851604253,0,23
9,HYBRID,synthetic,355,0.6407685881370092,16.729242847000496,13.157654849273918,1,22
9,HYBRID,synthetic,356,0.6407685881370092,16.29482317430781,13.014640207147579,0,23
9,HYBRID,synthetic,357,0.6407685881370092,15.856261365991395,12.874648665175314,1,22
9,HYBRID,synthetic,358,0.6407685881370092,15.408034574552941,12.739839870482799,0,23
9,HYBRID,synthetic,359,0.6407685881370092,14.974995613734837,12.604438440940342,1,22
9,HYBRID,synthetic,360,0.6407685881370092,14.553002347913345,12.463349339379183,0,23
9,HYBRID,synthetic,361,0.6407685881370092,14.11720196334608,12.331570865913804,1,22
9,HYBRID,synthetic,362,0.6407685881370092,13.680020866904247,12.20445905231631,0,23
9,HYBRID,synthetic,363,0.6407685881370092,13.251721957649382,12.075388625867348,1,21
9,HYBRID,synthetic,364,0.6407685881370092,12.833968951623367,11.927068460083381,0,22
9,HYBRID,synthetic,365,0.6407685881370092,12.442003362027297,11.771786579000901,1,20
9,HYBRID,synthetic,366,0.6407685881370092,12.058866277037447,11.61142877262175,0,21
9,HYBRID,synthetic,367,0.6407685881370092,11.696343122426034,11.43442359252376,1,19
9,HYBRID,synthetic,368,0.6407685881370092,11.324349856604544,11.258289253131315,0,20
9,HYBRID,synthetic,369,0.6407685881370092,10.960640862030516,11.088538533698317,1,19
9,HYBRID,synthetic,370,0.6407685881370092,10.590028308083602,10.924518220799209,0,20
9,HYBRID,synthetic,371,0.6407685881370092,10.226319313509574,10.760607351250203,1,19
9,HYBRID,synthetic,372,0.6407685881370092,9.854326047688083,10.60906387960886,0,20
9,HYBRID,synthetic,373,0.6407685881370092,9.500282036236095,10.457391294601065,1,19
9,HYBRID,synthetic,374,0.6407685881370092,9.122765922916297,10.308369037900395,0,20
9,HYBRID,synthetic,375,0.6407685881370092,8.757676216467694,10.161468692334859,1,19
9,HYBRID,synthetic,376,0.6407685881370092,8.380160103147896,10.024468717510938,0,20
9,HYBRID,synthetic,377,0.6407685881370092,8.031072909680963,9.877073814450437,1,18
9,HYBRID,synthetic,378,0.6407685881370092,7.684030581773602,9.72204916429075,0,19
9,HYBRID,synthetic,379,0.6407685881370092,7.3411303894899715,9.579894975604308,1,18
9,HYBRID,synthetic,380,0.6407685881370092,6.991326637833456,9.441859421582276,0,19
9,HYBRID,synthetic,381,0.6407685881370092,6.649881559325652,9.302364481040755,1,17
9,HYBRID,synthetic,382,0.6407685881370092,6.326409457457843,9.165871786706106,0,18
9,HYBRID,synthetic,383,0.6407685881370092,5.983607389345957,9.0275889068423,1,17
9,HYBRID,synthetic,384,0.6407685881370092,5.6694440441408425,8.893029168421304,0,17
9,HYBRID,synthetic,385,0.6407685881370092,5.3695421683125835,8.757446783453423,1,16
9,HYBRID,synthetic,386,0.6407685881370092,5.074183500650316,8.621167866857824,0,16
9,HYBRID,synthetic,387,0.6407685881370092,4.796471138987033,8.487285066695298,1,15
9,HYBRID,synthetic,388,0.6407685881370092,4.507713082327134,8.357983094570425,0,16
9,HYBRID,synthetic,389,0.6407685881370092,4.246377683031844,8.221481156542607,1,12
9,HYBRID,synthetic,390,0.6407685881370092,4.042078497337375,8.062614576874626,0,10
9,HYBRID,synthetic,391,0.6407685881370092,3.8643661356740924,7.897004105365737,1,9
9,HYBRID,synthetic,392,0.6407685881370092,3.700382284511619,7.7280261463386735,0,9
9,HYBRID,synthetic,393,0.6407685881370092,3.542098013264157,7.5591703791573135,1,8
9,HYBRID,synthetic,394,0.6407685881370092,3.3851944538912724,7.395803542494887,0,9
9,HYBRID,synthetic,395,0.6407685881370092,3.229671606392964,7.238116018867981,1,8
9,HYBRID,synthetic,396,0.6407685881370092,3.071387335145502,7.082496351711947,0,9
9,HYBRID,synthetic,397,0.6407685881370092,2.9252211105334074,6.9237489505972585,1,7
9,HYBRID,synthetic,398,0.6407685881370092,2.7836035059526116,6.770504165242239,0,8
9,HYBRID,synthetic,399,0.6407685881370092,2.6392244776226623,6.622476797571302,1,7
9,HYBRID,synthetic,400,0.6407685881370092,2.4920840255435595,6.478195874870683,0,8
9,HYBRID,synthetic,401,0.6407685881370092,2.350622174858445,6.339173825749095,1,6
9,HYBRID,synthetic,402,0.6407685881370092,2.22843266069347,6.199937897322685,0,7
9,HYBRID,synthetic,403,0.6407685881370092,2.107623858403072,6.064723746952425,1,6
9,HYBRID,synthetic,404,0.6407685881370092,2.0029355063650467,5.928184782079358,0,6
9,HYBRID,synthetic,405,0.6407685881370092,1.9015547944904694,5.795345687449747,1,5
9,HYBRID,synthetic,406,0.6407685881370092,1.8145414242864584,5.661039621430657,0,5
9,HYBRID,synthetic,407,0.6407685881370092,1.7312080909531247,5.529012024228009,1,4
9,HYBRID,synthetic,408,0.6407685881370092,1.6437326219960604,5.401064801235176,0,5
9,HYBRID,synthetic,409,0.6407685881370092,1.5623369170062444,5.275445997695788,1,2
9,HYBRID,synthetic,410,0.6407685881370092,1.5123369170062444,5.142638160448281,0,3
9,HYBRID,synthetic,411,0.6407685881370092,1.4623369170062441,5.0108007368077665,1,2
9,HYBRID,synthetic,412,0.6407685881370092,1.412336917006244,4.88001237689902,0,3
9,HYBRID,synthetic,413,0.6407685881370092,1.3623369170062438,4.750359730944806,1,2
9,HYBRID,synthetic,414,0.6407685881370092,1.312336917006244,4.621938375625141,0,3
9,HYBRID,synthetic,415,0.6407685881370092,1.2623369170062437,4.494853848877707,1,2
9,HYBRID,synthetic,416,0.6407685881370092,1.2123369170062435,4.36922280245184,0,3
9,HYBRID,synthetic,417,0.6407685881370092,1.1623369170062432,4.245174280540138,1,2
9,HYBRID,synthetic,418,0.6407685881370092,1.1123369170062432,4.122851130813949,0,3
9,HYBRID,synthetic,419,0.6407685881370092,1.0623369170062429,4.0024115507464035,1,2
9,HYBRID,synthetic,420,0.6407685881370092,1.0123369170062426,3.8840307666446985,0,3
9,HYBRID,synthetic,421,0.6407685881370092,0.9623369170062425,3.7679028345933996,1,2
9,HYBRID,synthetic,422,0.6407685881370092,0.9123369170062424,3.654242540613766,0,3
9,HYBRID,synthetic,423,0.6407685881370092,0.8772397029286665,3.5386859130919905,1,1
9,HYBRID,synthetic,424,0.6407685881370092,0.8439063695953329,3.423316592283642,0,2
9,HYBRID,synthetic,425,0.6407685881370092,0.8105730362619995,3.308626014164247,1,1
9,HYBRID,synthetic,426,0.6407685881370092,0.7772397029286661,3.194687280989394,0,2
9,HYBRID,synthetic,427,0.6407685881370092,0.7439063695953325,3.081583790218519,1,1
9,HYBRID,synthetic,428,0.6407685881370092,0.7105730362619992,2.96941098537585,0,2
9,HYBRID,synthetic,429,0.6407685881370092,0.677239702928666,2.8582784425445915,1,1
9,HYBRID,synthetic,430,0.6407685881370092,0.6439063695953328,2.7483123587522953,0,2
9,HYBRID,synthetic,431,0.6407685881370092,0.6105730362619995,2.6396585193045685,1,1
9,HYBRID,synthetic,432,0.6407685881370092,0.5772397029286662,2.5324858315328984,0,2
9,HYBRID,synthetic,433,0.6407685881370092,0.543906369595333,2.426990520460201,1,1
9,HYBRID,synthetic,434,0.6407685881370092,0.5105730362619997,2.323401083972285,0,2
9,HYBRID,synthetic,435,0.6407685881370092,0.47723970292866635,2.2219840950633767,1,1
9,HYBRID,synthetic,436,0.6407685881370092,0.4439063695953331,2.1230509064873484,0,2
9,HYBRID,synthetic,437,0.6407685881370092,0.41057303626199976,2.0269652427878473,1,1
9,HYBRID,synthetic,438,0.6407685881370092,0.37723970292866654,1.9341515324592213,0,2
9,HYBRID,synthetic,439,0.6407685881370092,0.34390636959533327,1.845103605944615,1,1
9,HYBRID,synthetic,440,0.6407685881370092,0.32600095034624627,1.755568844897008,0,1
9,HYBRID,synthetic,441,0.6407685881370092,0.30933428367957966,1.6658160981114334,1,0
9,HYBRID,synthetic,442,0.6407685881370092,0.29266761701291305,1.5760633513258586,0,1
9,HYBRID,synthetic,443,0.6407685881370092,0.27600095034624644,1.486310604540284,1,0
9,HYBRID,synthetic,444,0.6407685881370092,0.25933428367957984,1.396557857754709,0,1
9,HYBRID,synthetic,445,0.6407685881370092,0.2426676170129132,1.3068051109691343,1,0
9,HYBRID,synthetic,446,0.6407685881370092,0.2260009503462466,1.2170523641835596,0,1
9,HYBRID,synthetic,447,0.6407685881370092,0.20933428367957999,1.1272996173979848,1,0
9,HYBRID,synthetic,448,0.6407685881370092,0.19266761701291338,1.03754687061241,0,1
9,HYBRID,synthetic,449,0.6407685881370092,0.17600095034624677,0.9477941238268354,1,0
9,HYBRID,synthetic,450,0.6407685881370092,0.15933428367958016,0.8580413770412605,0,1
9,HYBRID,synthetic,451,0.6407685881370092,0.14266761701291356,0.7682886302556858,1,0
9,HYBRID,synthetic,452,0.6407685881370092,0.1260009503462469,0.678535883470111,0,1
9,HYBRID,synthetic,453,0.6407685881370092,0.10933428367958023,0.5887831366845357,1,0
9,HYBRID,synthetic,454,0.6407685881370092,0.09266761701291354,0.4990303898989606,0,1
9,HYBRID,synthetic,455,0.6407685881370092,0.07600095034624686,0.40927764311338555,1,0
9,HYBRID,synthetic,456,0.6407685881370092,0.05933428367958018,0.31952489632781034,0,1
9,HYBRID,synthetic,457,0.6407685881370092,0.0426676170129135,0.2297721495422352,1,0
9,HYBRID,synthetic,458,0.6407685881370092,0.026000950346246828,0.1400194027566601,0,1
9,HYBRID,synthetic,459,0.6407685881370092,0.009334283679580165,0.05026665597108507,1,0
9,HYBRID,synthetic,460,0.6407685881370092,0.0,0.0,0,0
9,HYBRID,synthetic,461,0.6407685881370092,0.0,0.0,0,0
9,HYBRID,synthetic,462,0.6407685881370092,0.0,0.0,0,0
9,HYBRID,synthetic,463,0.6407685881370092,0.0,0.0,0,0
9,HYBRID,synthetic,464,0.6407685881370092,0.0,0.0,0,0
9,HYBRID,synthetic,465,0.6407685881370092,0.0,0.0,0,0
9,HYBRID,synthetic,466,0.6407685881370092,0.0,0.0,0,0
9,HYBRID,synthetic,467,0.6407685881370092,0.0,0.0,0,0
9,HYBRID,synthetic,468,0.6407685881370092,0.0,0.0,0,0
9,HYBRID,synthetic,469,0.6407685881370092,0.0,0.0,0,0
9,HYBRID,synthetic,470,0.6407685881370092,0.0,0.0,0,0
9,HYBRID,synthetic,471,0.6407685881370092,0.0,0.0,0,0
9,HYBRID,synthetic,472,0.6407685881370092,0.0,0.0,0,0
9,HYBRID,synthetic,473,0.6407685881370092,0.0,0.0,0,0
9,HYBRID,synthetic,474,0.6407685881370092,0.0,0.0,0,0
9,HYBRID,synthetic,475,0.6407685881370092,0.0,0.0,0,0
9,HYBRID,synthetic,476,0.6407685881370092,0.0,0.0,0,0
9,HYBRID,synthetic,477,0.6407685881370092,0.0,0.0,0,0
9,HYBRID,synthetic,478,0.6407685881370092,0.0,0.0,0,0
9,HYBRID,synthetic,479,0.6407685881370092,0.0,0.0,0,0
9,HYBRID,synthetic,480,0.6407685881370092,0.0,0.0,0,0
9,HYBRID,synthetic,481,0.6407685881370092,0.0,0.0,0,0
9,HYBRID,synthetic,482,0.6407685881370092,0.0,0.0,0,0
9,HYBRID,synthetic,483,0.6407685881370092,0.0,0.0,0,0
9,HYBRID,synthetic,484,0.6407685881370092,0.0,0.0,0,0
9,HYBRID,synthetic,485,0.6407685881370092,0.0,0.0,0,0
9,HYBRID,synthetic,486,0.6407685881370092,0.0,0.0,0,0
9,HYBRID,synthetic,487,0.6407685881370092,0.0,0.0,0,0
9,HYBRID,synthetic,488,0.6407685881370092,0.0,0.0,0,0
9,HYBRID,synthetic,489,0.6407685881370092,0.0,0.0,0,0
9,HYBRID,synthetic,490,0.6407685881370092,0.0,0.0,0,0
9,HYBRID,synthetic,491,0.6407685881370092,0.0,0.0,0,0
9,HYBRID,synthetic,492,0.6407685881370092,0.0,0.0,0,0
9,HYBRID,synthetic,493,0.6407685881370092,0.0,0.0,0,0
9,HYBRID,synthetic,494,0.6407685881370092,0.0,0.0,0,0
9,HYBRID,synthetic,495,0.6407685881370092,0.0,0.0,0,0
9,HYBRID,synthetic,496,0.6407685881370092,0.0,0.0,0,0
9,HYBRID,synthetic,497,0.6407685881370092,0.0,0.0,0,0
9,HYBRID,synthetic,498,0.6407685881370092,0.0,0.0,0,0
9,HYBRID,synthetic,499,0.6407685881370092,0.0,0.0,0,0
9,HYBRID,synthetic,500,0.6407685881370092,0.0,0.0,0,0
9,HYBRID,synthetic,501,0.6407685881370092,0.0,0.0,0,0
9,HYBRID,synthetic,502,0.6407685881370092,0.0,0.0,0,0
9,HYBRID,synthetic,503,0.6407685881370092,0.0,0.0,0,0
9,HYBRID,synthetic,504,0.6407685881370092,0.0,0.0,0,0
9,HYBRID,synthetic,505,0.6407685881370092,0.0,0.0,0,0
9,HYBRID,synthetic,506,0.6407685881370092,0.0,0.0,0,0
9,HYBRID,synthetic,507,0.6407685881370092,0.0,0.0,0,0
9,HYBRID,synthetic,508,0.6407685881370092,0.0,0.0,0,0
9,HYBRID,synthetic,509,0.6407685881370092,0.0,0.0,0,0
9,HYBRID,synthetic,510,0.6407685881370092,0.0,0.0,0,0
9,HYBRID,synthetic,511,0.6407685881370092,0.0,0.0,0,0
9,HYBRID,synthetic,512,0.6407685881370092,0.0,0.0,0,0
9,HYBRID,synthetic,513,0.6407685881370092,0.0,0.0,0,0
9,HYBRID,synthetic,514,0.6407685881370092,0.0,0.0,0,0
9,HYBRID,synthetic,515,0.6407685881370092,0.0,0.0,0,0
9,HYBRID,synthetic,516,0.6407685881370092,0.0,0.0,0,0
9,HYBRID,synthetic,517,0.6407685881370092,0.0,0.0,0,0
9,HYBRID,synthetic,518,0.6407685881370092,0.0,0.0,0,0
9,HYBRID,synthetic,519,0.6407685881370092,0.0,0.0,0,0
9,HYBRID,synthetic,520,0.6407685881370092,0.0,0.0,0,0
9,HYBRID,synthetic,521,0.6407685881370092,0.0,0.0,0,0
9,HYBRID,synthetic,522,0.6407685881370092,0.0,0.0,0,0
9,HYBRID,synthetic,523,0.6407685881370092,0.0,0.0,0,0
9,HYBRID,synthetic,524,0.6407685881370092,0.0,0.0,0,0
9,HYBRID,synthetic,525,0.6407685881370092,0.0,0.0,0,0
9,HYBRID,synthetic,526,0.6407685881370092,0.0,0.0,0,0
9,HYBRID,synthetic,527,0.6407685881370092,0.0,0.0,0,0
9,HYBRID,synthetic,528,0.6407685881370092,0.0,0.0,0,0
9,HYBRID,synthetic,529,0.6407685881370092,0.0,0.0,0,0
9,HYBRID,synthetic,530,0.6407685881370092,0.0,0.0,0,0
9,HYBRID,synthetic,531,0.6407685881370092,0.0,0.0,0,0
9,HYBRID,synthetic,532,0.6407685881370092,0.0,0.0,0,0
9,HYBRID,synthetic,533,0.6407685881370092,0.0,0.0,0,0
9,HYBRID,synthetic,534,0.6407685881370092,0.0,0.0,0,0
9,HYBRID,synthetic,535,0.6407685881370092,0.0,0.0,0,0
9,HYBRID,synthetic,536,0.6407685881370092,0.0,0.0,0,0
9,HYBRID,synthetic,537,0.6407685881370092,0.0,0.0,0,0
9,HYBRID,synthetic,538,0.6407685881370092,0.0,0.0,0,0
9,HYBRID,synthetic,539,0.6407685881370092,0.0,0.0,0,0
9,HYBRID,synthetic,540,0.6407685881370092,0.0,0.0,0,0
9,HYBRID,synthetic,541,0.6407685881370092,0.0,0.0,0,0
9,HYBRID,synthetic,542,0.6407685881370092,0.0,0.0,0,0
9,HYBRID,synthetic,543,0.6407685881370092,0.0,0.0,0,0
9,HYBRID,synthetic,544,0.6407685881370092,0.0,0.0,0,0
9,HYBRID,synthetic,545,0.6407685881370092,0.0,0.0,0,0
9,HYBRID,synthetic,546,0.6407685881370092,0.0,0.0,0,0
9,HYBRID,synthetic,547,0.6407685881370092,0.0,0.0,0,0
9,HYBRID,synthetic,548,0.6407685881370092,0.0,0.0,0,0
9,HYBRID,synthetic,549,0.6407685881370092,0.0,0.0,0,0
9,HYBRID,synthetic,550,0.6407685881370092,0.0,0.0,0,0
9,HYBRID,synthetic,551,0.6407685881370092,0.0,0.0,0,0
9,HYBRID,synthetic,552,0.6407685881370092,0.0,0.0,0,0
9,HYBRID,synthetic,553,0.6407685881370092,0.0,0.0,0,0
9,HYBRID,synthetic,554,0.6407685881370092,0.0,0.0,0,0
9,HYBRID,synthetic,555,0.6407685881370092,0.0,0.0,0,0
9,HYBRID,synthetic,556,0.6407685881370092,0.0,0.0,0,0
9,HYBRID,synthetic,557,0.6407685881370092,0.0,0.0,0,0
9,HYBRID,synthetic,558,0.6407685881370092,0.0,0.0,0,0
9,HYBRID,synthetic,559,0.6407685881370092,0.0,0.0,0,0
9,HYBRID,synthetic,560,0.6407685881370092,0.0,0.0,0,0
9,HYBRID,synthetic,561,0.6407685881370092,0.0,0.0,0,0
9,HYBRID,synthetic,562,0.6407685881370092,0.0,0.0,0,0
9,HYBRID,synthetic,563,0.6407685881370092,0.0,0.0,0,0
9,HYBRID,synthetic,564,0.6407685881370092,0.0,0.0,0,0
9,HYBRID,synthetic,565,0.6407685881370092,0.0,0.0,0,0
9,HYBRID,synthetic,566,0.6407685881370092,0.0,0.0,0,0
9,HYBRID,synthetic,567,0.6407685881370092,0.0,0.0,0,0
9,HYBRID,synthetic,568,0.6407685881370092,0.0,0.0,0,0
9,HYBRID,synthetic,569,0.6407685881370092,0.0,0.0,0,0
9,HYBRID,synthetic,570,0.6407685881370092,0.0,0.0,0,0
9,HYBRID,synthetic,571,0.6407685881370092,0.0,0.0,0,0
9,HYBRID,synthetic,572,0.6407685881370092,0.0,0.0,0,0
9,HYBRID,synthetic,573,0.6407685881370092,0.0,0.0,0,0
9,HYBRID,synthetic,574,0.6407685881370092,0.0,0.0,0,0
9,HYBRID,synthetic,575,0.6407685881370092,0.0,0.0,0,0
9,HYBRID,synthetic,576,0.6407685881370092,0.0,0.0,0,0
9,HYBRID,synthetic,577,0.6407685881370092,0.0,0.0,0,0
9,HYBRID,synthetic,578,0.6407685881370092,0.0,0.0,0,0
9,HYBRID,synthetic,579,0.6407685881370092,0.0,0.0,0,0
9,HYBRID,synthetic,580,0.6407685881370092,0.0,0.0,0,0
9,HYBRID,synthetic,581,0.6407685881370092,0.0,0.0,0,0
9,HYBRID,synthetic,582,0.6407685881370092,0.0,0.0,0,0
9,HYBRID,synthetic,583,0.6407685881370092,0.0,0.0,0,0
9,HYBRID,synthetic,584,0.6407685881370092,0.0,0.0,0,0
9,HYBRID,synthetic,585,0.6407685881370092,0.0,0.0,0,0
9,HYBRID,synthetic,586,0.6407685881370092,0.0,0.0,0,0
9,HYBRID,synthetic,587,0.6407685881370092,0.0,0.0,0,0
9,HYBRID,synthetic,588,0.6407685881370092,0.0,0.0,0,0
9,HYBRID,synthetic,589,0.6407685881370092,0.0,0.0,0,0
9,HYBRID,synthetic,590,0.6407685881370092,0.0,0.0,0,0
9,HYBRID,synthetic,591,0.6407685881370092,0.0,0.0,0,0
9,HYBRID,synthetic,592,0.6407685881370092,0.0,0.0,0,0
9,HYBRID,synthetic,593,0.6407685881370092,0.0,0.0,0,0
9,HYBRID,synthetic,594,0.6407685881370092,0.0,0.0,0,0
9,HYBRID,synthetic,595,0.6407685881370092,0.0,0.0,0,0
9,HYBRID,synthetic,596,0.6407685881370092,0.0,0.0,0,0
9,HYBRID,synthetic,597,0.6407685881370092,0.0,0.0,0,0
9,HYBRID,synthetic,598,0.6407685881370092,0.0,0.0,0,0
9,HYBRID,synthetic,599,0.6407685881370092,0.0,0.0,0,0
