seed,config,scenario,iteration,tcr,mean_energy,sigma_energy,n_transit,n_exploit
9,HYBRID,synthetic,0,0.08187134502923976,221.46772724053207,0.1283932135335328,1,4
9,HYBRID,synthetic,1,0.10192147034252297,220.90624287153236,0.1895372197711449,1,4
9,HYBRID,synthetic,2,0.11779448621553884,220.35168443030526,0.2659216835334267,0,5
9,HYBRID,synthetic,3,0.12364243943191311,219.77709750312187,0.2243494149570551,0,5
9,HYBRID,synthetic,4,0.1286549707602339,219.1611177056574,0.17564384033250963,0,5
9,HYBRID,synthetic,5,0.13868003341687551,218.5451379081929,0.1512893444222134,0,5
9,HYBRID,synthetic,6,0.13868003341687551,217.92087383948098,0.1565716530650259,0,5
9,HYBRID,synthetic,7,0.13868003341687551,217.3297468557589,0.15298407823664112,0,5
9,HYBRID,synthetic,8,0.13951545530492898,216.7220513295419,0.1781032968574357,0,5
9,HYBRID,synthetic,9,0.13951545530492898,216.14749288831476,0.21281354267370686,0,5
9,HYBRID,synthetic,10,0.14035087719298245,215.53979736209777,0.2606827253097934,0,5
9,HYBRID,synthetic,11,0.14035087719298245,214.92381756463328,0.3124270804276064,0,5
9,HYBRID,synthetic,12,0.14035087719298245,214.3078377671688,0.33740322410489204,0,5
9,HYBRID,synthetic,13,0.14035087719298245,213.69185796970433,0.40737987607487547,0,5
9,HYBRID,synthetic,14,0.14035087719298245,213.10901525722971,0.4730220061956516,0,5
9,HYBRID,synthetic,15,0.14035087719298245,212.53445681600255,0.551249243044042,0,5
9,HYBRID,synthetic,16,0.14035087719298245,211.92676128978556,0.5821468854715992,0,5
9,HYBRID,synthetic,17,0.14035087719298245,211.34391857731094,0.6449549475544143,0,5
9,HYBRID,synthetic,18,0.14035087719298245,210.71137023735156,0.6925533419812562,0,5
9,HYBRID,synthetic,19,0.14035087719298245,210.14509606737184,0.7564750140695423,0,5
9,HYBRID,synthetic,20,0.14035087719298245,209.55396908364975,0.817561966459477,0,5
9,HYBRID,synthetic,21,0.14035087719298245,208.9545578286802,0.8979361907414974,0,5
9,HYBRID,synthetic,22,0.14035087719298245,208.33857803121572,0.9407754019963068,0,5
9,HYBRID,synthetic,23,0.14035087719298245,207.70602969125633,1.0017918357782023,0,5
9,HYBRID,synthetic,24,0.14035087719298245,207.09004989379187,1.0489039115268042,0,5
9,HYBRID,synthetic,25,0.14035087719298245,206.47407009632738,1.077961408935334,0,5
9,HYBRID,synthetic,26,0.14202172096908938,205.89122738385277,1.150439654338075,0,5
9,HYBRID,synthetic,27,0.14202172096908938,205.31666894262563,1.230575324227245,0,5
9,HYBRID,synthetic,28,0.14202172096908938,204.7089734164086,1.2846769655674444,0,5
9,HYBRID,synthetic,29,0.14202172096908938,204.126130703934,1.3098226338702816,0,5
9,HYBRID,synthetic,30,0.14202172096908938,203.55157226270686,1.3708763014457792,0,5
9,HYBRID,synthetic,31,0.14202172096908938,202.93559246524234,1.4069332541059818,0,5
9,HYBRID,synthetic,32,0.14202172096908938,202.33618121027283,1.475969928524806,0,5
9,HYBRID,synthetic,33,0.14202172096908938,201.74505422655074,1.5562790684420864,0,5
9,HYBRID,synthetic,34,0.14202172096908938,201.12907442908627,1.5996953000304839,0,5
9,HYBRID,synthetic,35,0.14202172096908938,200.52137890286926,1.6577083297519193,0,5
9,HYBRID,synthetic,36,0.14202172096908938,199.89711483415732,1.7239092540252339,0,5
9,HYBRID,synthetic,37,0.14202172096908938,199.30598785043526,1.7858480784344366,0,5
9,HYBRID,synthetic,38,0.14202172096908938,198.70657659546572,1.8438373349438182,0,5
9,HYBRID,synthetic,39,0.14452798663324978,198.08231252675375,1.8808073786617172,0,5
9,HYBRID,synthetic,40,0.14452798663324978,197.48290127178421,1.9534190211765956,0,5
9,HYBRID,synthetic,41,0.14452798663324978,196.8586372030723,1.9889917558166736,0,5
9,HYBRID,synthetic,42,0.14452798663324978,196.2509416768553,2.0320406794694583,0,5
9,HYBRID,synthetic,43,0.14452798663324978,195.6349618793908,2.0761276621244344,0,5
9,HYBRID,synthetic,44,0.14452798663324978,195.06040343816363,2.142237245433838,0,5
9,HYBRID,synthetic,45,0.14452798663324978,194.4444236406992,2.185368927407823,0,5
9,HYBRID,synthetic,46,0.14452798663324978,193.86158092822456,2.2576681607023645,0,5
9,HYBRID,synthetic,47,0.14452798663324978,193.2456011307601,2.3118392831525796,0,5
9,HYBRID,synthetic,48,0.14452798663324978,192.63790560454308,2.3736963371504847,0,5
9,HYBRID,synthetic,49,0.14452798663324978,192.02192580707862,2.424461266330802,0,5
9,HYBRID,synthetic,50,0.14452798663324978,191.43908309460397,2.5005740461586345,0,5
9,HYBRID,synthetic,51,0.14452798663324978,190.8231032971395,2.544644307468264,0,5
9,HYBRID,synthetic,52,0.14452798663324978,190.25682912715985,2.6070987834746506,0,5
9,HYBRID,synthetic,53,0.14452798663324978,189.64084932969538,2.6578566009010336,0,5
9,HYBRID,synthetic,54,0.14452798663324978,188.99173244724102,2.6977862267249875,0,5
9,HYBRID,synthetic,55,0.14452798663324978,188.3591841072816,2.7374462465254434,0,5
9,HYBRID,synthetic,56,0.14452798663324978,187.7597728523121,2.7961274477385953,0,5
9,HYBRID,synthetic,57,0.14452798663324978,187.15207732609508,2.827151120581134,0,5
9,HYBRID,synthetic,58,0.14452798663324978,186.56923461362044,2.899811753303933,0,5
9,HYBRID,synthetic,59,0.14452798663324978,185.9698233586509,2.9591954324062884,0,5
9,HYBRID,synthetic,60,0.14452798663324978,185.32899074744404,3.009788334975378,0,5
9,HYBRID,synthetic,61,0.14452798663324978,184.7295794924745,3.0488690316125617,0,5
9,HYBRID,synthetic,62,0.14452798663324978,184.1218839662575,3.1061087557838545,0,5
9,HYBRID,synthetic,63,0.14452798663324978,183.505904168793,3.1716079114359204,0,5
9,HYBRID,synthetic,64,0.14452798663324978,182.8733558288336,3.2055376510672966,0,5
9,HYBRID,synthetic,65,0.14452798663324978,182.25737603136915,3.271458616284057,0,5
9,HYBRID,synthetic,66,0.14452798663324978,181.64968050515213,3.3284581495229206,0,5
9,HYBRID,synthetic,67,0.14452798663324978,181.04198497893512,3.4041522537619175,0,5
9,HYBRID,synthetic,68,0.14452798663324978,180.41772091022318,3.445356713021721,0,5
9,HYBRID,synthetic,69,0.14452798663324978,179.77688829901632,3.4905697064076677,0,5
9,HYBRID,synthetic,70,0.14452798663324978,179.11120287406706,3.500654845108872,0,5
9,HYBRID,synthetic,71,0.14452798663324978,178.52007589034497,3.5664742902769304,0,5
9,HYBRID,synthetic,72,0.14452798663324978,177.91238036412796,3.6197648669196556,0,5
9,HYBRID,synthetic,73,0.14452798663324978,177.28811629541605,3.661785184313038,0,5
9,HYBRID,synthetic,74,0.14452798663324978,176.68870504044648,3.7203929358310486,0,5
9,HYBRID,synthetic,75,0.14452798663324978,176.10586232797186,3.79265394239696,0,5
9,HYBRID,synthetic,76,0.14452798663324978,175.5147353442498,3.86307788660727,0,5
9,HYBRID,synthetic,77,0.14452798663324978,174.89047127553786,3.9216074589704037,0,5
9,HYBRID,synthetic,78,0.14452798663324978,174.30762856306325,3.9811583107670034,0,5
9,HYBRID,synthetic,79,0.14452798663324978,173.71650157934113,4.0554031022809545,0,5
9,HYBRID,synthetic,80,0.14452798663324978,173.09223751062922,4.113292481859917,0,5
9,HYBRID,synthetic,81,0.14452798663324978,172.4679734419173,4.1751491897299715,0,5
9,HYBRID,synthetic,82,0.14452798663324978,171.8519936444528,4.224932833046854,0,5
9,HYBRID,synthetic,83,0.14452798663324978,171.26915093197817,4.299660326761767,0,5
9,HYBRID,synthetic,84,0.14452798663324978,170.6531711345137,4.368604922521518,0,5
9,HYBRID,synthetic,85,0.14452798663324978,170.02890706580177,4.430593451493691,0,5
9,HYBRID,synthetic,86,0.14452798663324978,169.4129272683373,4.497983769893631,0,5
9,HYBRID,synthetic,87,0.14452798663324978,168.81351601336775,4.563434874621218,0,5
9,HYBRID,synthetic,88,0.14452798663324978,168.1975362159033,4.613063692238149,0,5
9,HYBRID,synthetic,89,0.14452798663324978,167.57327214719137,4.671167693797741,0,5
9,HYBRID,synthetic,90,0.14452798663324978,166.95729234972686,4.740900034173917,0,5
9,HYBRID,synthetic,91,0.14452798663324978,166.34959682350987,4.784009008904581,0,5
9,HYBRID,synthetic,92,0.14452798663324978,165.75018556854033,4.83198304440358,0,5
9,HYBRID,synthetic,93,0.14452798663324978,165.16734285606572,4.902898523076393,0,5
9,HYBRID,synthetic,94,0.14452798663324978,164.56793160109618,4.955120746458571,0,5
9,HYBRID,synthetic,95,0.14452798663324978,163.96023607487916,4.994836991458434,0,5
9,HYBRID,synthetic,96,0.14452798663324978,163.36082481990962,5.075939120762628,0,5
9,HYBRID,synthetic,97,0.14452798663324978,162.76969783618753,5.134783153830568,0,5
9,HYBRID,synthetic,98,0.14452798663324978,162.17857085246547,5.1878642475421355,0,5
9,HYBRID,synthetic,99,0.14452798663324978,161.5791595974959,5.248989301474305,0,5
9,HYBRID,synthetic,100,0.14452798663324978,161.00460115626876,5.326715283286775,0,5
9,HYBRID,synthetic,101,0.14452798663324978,160.43004271504162,5.395554934721903,0,5
9,HYBRID,synthetic,102,0.14452798663324978,159.86376854506193,5.458796366645854,0,5
9,HYBRID,synthetic,103,0.14452798663324978,159.25607301884492,5.523796721681213,0,5
9,HYBRID,synthetic,104,0.14452798663324978,158.65666176387538,5.574334809192516,0,5
9,HYBRID,synthetic,105,0.14452798663324978,158.09867186514316,5.654972225669776,0,5
9,HYBRID,synthetic,106,0.14452798663324978,157.4992606101736,5.726635079761745,0,5
9,HYBRID,synthetic,107,0.14452798663324978,156.88328081270913,5.784847875994345,0,5
9,HYBRID,synthetic,108,0.14452798663324978,156.29215382898707,5.829603300539534,0,5
9,HYBRID,synthetic,109,0.14452798663324978,155.6927425740175,5.9085081818793705,0,5
9,HYBRID,synthetic,110,0.14452798663324978,155.1181841327904,5.965097889714061,0,5
9,HYBRID,synthetic,111,0.14452798663324978,154.53534142031575,6.037944348754744,0,5
9,HYBRID,synthetic,112,0.14452798663324978,153.92764589409873,6.110219477341879,0,5
9,HYBRID,synthetic,113,0.14452798663324978,153.3282346391292,6.168397441491361,0,5
9,HYBRID,synthetic,114,0.14452798663324978,152.7122548416647,6.228065070635779,0,5
9,HYBRID,synthetic,115,0.14452798663324978,152.11284358669516,6.266244823304281,0,5
9,HYBRID,synthetic,116,0.14452798663324978,151.53828514546802,6.336600282608724,0,5
9,HYBRID,synthetic,117,0.14452798663324978,150.9140210767561,6.37624456377798,0,5
9,HYBRID,synthetic,118,0.14452798663324978,150.28975700804418,6.417333573163667,0,5
9,HYBRID,synthetic,119,0.14452798663324978,149.65720866808473,6.451905156433942,0,5
9,HYBRID,synthetic,120,0.14452798663324978,149.0826502268576,6.529928206329998,0,5
9,HYBRID,synthetic,121,0.14452798663324978,148.50809178563046,6.58759990272725,0,5
9,HYBRID,synthetic,122,0.14452798663324978,147.92524907315584,6.649387371108926,0,5
9,HYBRID,synthetic,123,0.14452798663324978,147.3424063606812,6.711080189590163,0,5
9,HYBRID,synthetic,124,0.14452798663324978,146.78441646194898,6.782932580310784,0,5
9,HYBRID,synthetic,125,0.14452798663324978,146.19328947822692,6.828459562310233,0,5
9,HYBRID,synthetic,126,0.14452798663324978,145.57730968076243,6.875297559838542,0,5
9,HYBRID,synthetic,127,0.14452798663324978,144.9696141545454,6.929732888249546,0,5
9,HYBRID,synthetic,128,0.14452798663324978,144.34535008583347,6.95217164667015,0,5
9,HYBRID,synthetic,129,0.14452798663324978,143.72108601712154,6.993219788232775,0,5
9,HYBRID,synthetic,130,0.14452798663324978,143.14652757589437,7.053425618682405,0,5
9,HYBRID,synthetic,131,0.14452798663324978,142.5056949646875,7.092900525255467,0,5
9,HYBRID,synthetic,132,0.14452798663324978,141.91456798096544,7.149158339962563,0,5
9,HYBRID,synthetic,133,0.14452798663324978,141.30687245474843,7.203020119643689,0,5
9,HYBRID,synthetic,134,0.14452798663324978,140.690892657284,7.2699974144739,0,5
9,HYBRID,synthetic,135,0.14452798663324978,140.06662858857203,7.322015563635141,0,5
9,HYBRID,synthetic,136,0.14452798663324978,139.4920701473449,7.409757983669462,0,5
9,HYBRID,synthetic,137,0.14452798663324978,138.88437462112788,7.4462735489836165,0,5
9,HYBRID,synthetic,138,0.14452798663324978,138.25182628116846,7.501150695788642,0,5
9,HYBRID,synthetic,139,0.14452798663324978,137.62756221245652,7.544294569786287,0,5
9,HYBRID,synthetic,140,0.14452798663324978,137.03643522873443,7.593296188690638,0,5
9,HYBRID,synthetic,141,0.14452798663324978,136.45359251625985,7.664027562105519,0,5
9,HYBRID,synthetic,142,0.14452798663324978,135.8541812612903,7.732615160269727,0,5
9,HYBRID,synthetic,143,0.14452798663324978,135.22991719257834,7.7765053532701724,0,5
9,HYBRID,synthetic,144,0.14452798663324978,134.61393739511388,7.823731563586584,0,5
9,HYBRID,synthetic,145,0.14452798663324978,133.99795759764942,7.861684088102484,0,5
9,HYBRID,synthetic,146,0.14452798663324978,133.3819778001849,7.88967606842388,0,5
9,HYBRID,synthetic,147,0.14452798663324978,132.79085081646286,7.955777315432118,0,5
9,HYBRID,synthetic,148,0.14452798663324978,132.16658674775093,8.017850805031483,0,5
9,HYBRID,synthetic,149,0.14452798663324978,131.55060695028644,8.075555939933794,0,5
9,HYBRID,synthetic,150,0.14452798663324978,130.93462715282197,8.131546095702078,0,5
9,HYBRID,synthetic,151,0.14452798663324978,130.31864735535748,8.188887561725107,0,5
9,HYBRID,synthetic,152,0.14452798663324978,129.7358046428829,8.251718380511214,0,5
9,HYBRID,synthetic,153,0.14452798663324978,129.1198248454184,8.291179381577338,0,5
9,HYBRID,synthetic,154,0.14452798663324978,128.5369821329438,8.354796360155675,0,5
9,HYBRID,synthetic,155,0.14452798663324978,127.91271806423185,8.41516650311443,0,5
9,HYBRID,synthetic,156,0.14452798663324978,127.3133068092623,8.475747908110547,0,5
9,HYBRID,synthetic,157,0.14452798663324978,126.71389555429278,8.536349594138752,0,5
9,HYBRID,synthetic,158,0.14452798663324978,126.11448429932325,8.596497912987566,0,5
9,HYBRID,synthetic,159,0.14452798663324978,125.49850450185875,8.66186762416963,0,5
9,HYBRID,synthetic,160,0.14452798663324978,124.92394606063161,8.729648123162972,0,5
9,HYBRID,synthetic,161,0.14452798663324978,124.31625053441459,8.79355883008461,0,5
9,HYBRID,synthetic,162,0.14452798663324978,123.73340782193998,8.848630474296755,0,5
9,HYBRID,synthetic,163,0.14452798663324978,123.15056510946536,8.920822437763093,0,5
9,HYBRID,synthetic,164,0.14452798663324978,122.55943812574328,8.967721073436449,0,5
9,HYBRID,synthetic,165,0.14452798663324978,121.96002687077373,9.037696318398382,0,5
9,HYBRID,synthetic,166,0.14452798663324978,121.34404707330926,9.078712960246548,0,5
9,HYBRID,synthetic,167,0.14452798663324978,120.76120436083463,9.123169679729726,0,5
9,HYBRID,synthetic,168,0.14452798663324978,120.18664591960751,9.184972769686512,0,5
9,HYBRID,synthetic,169,0.14452798663324978,119.56238185089555,9.219308615181854,0,5
9,HYBRID,synthetic,170,0.14452798663324978,118.94640205343107,9.28690367177871,0,5
9,HYBRID,synthetic,171,0.14452798663324978,118.36355934095646,9.358978658844926,0,5
9,HYBRID,synthetic,172,0.14452798663324978,117.77243235723438,9.425735915490604,0,5
9,HYBRID,synthetic,173,0.14452798663324978,117.17302110226485,9.486585050741002,0,5
9,HYBRID,synthetic,174,0.14452798663324978,116.56532557604783,9.524020881795023,0,5
9,HYBRID,synthetic,175,0.14452798663324978,115.95763004983083,9.577076693868822,0,5
9,HYBRID,synthetic,176,0.14452798663324978,115.34165025236635,9.607142786809463,0,5
9,HYBRID,synthetic,177,0.14452798663324978,114.75880753989175,9.653035014192616,0,5
9,HYBRID,synthetic,178,0.14452798663324978,114.14282774242727,9.67713422536732,0,5
9,HYBRID,synthetic,179,0.14452798663324978,113.53513221621024,9.73042724245879,0,5
9,HYBRID,synthetic,180,0.14452798663324978,112.94400523248817,9.797315371402313,0,5
9,HYBRID,synthetic,181,0.14452798663324978,112.3280254350237,9.84639408271994,0,5
9,HYBRID,synthetic,182,0.14452798663324978,111.70376136631175,9.907883181416894,0,5
9,HYBRID,synthetic,183,0.14452798663324978,111.06292875510489,9.956604055673171,0,5
9,HYBRID,synthetic,184,0.14452798663324978,110.44694895764042,10.006412804983952,0,5
9,HYBRID,synthetic,185,0.14452798663324978,109.81440061768103,10.047186008283079,0,5
9,HYBRID,synthetic,186,0.14452798663324978,109.206705091464,10.12010805487563,0,5
9,HYBRID,synthetic,187,0.14452798663324978,108.59072529399953,10.187748741977822,0,5
9,HYBRID,synthetic,188,0.14452798663324978,107.99131403903,10.265822610181988,0,5
9,HYBRID,synthetic,189,0.14452798663324978,107.40018705530792,10.340997148990715,0,5
9,HYBRID,synthetic,190,0.14452798663324978,106.80077580033837,10.391462546639914,0,5
9,HYBRID,synthetic,191,0.14452798663324978,106.19308027412134,10.43141212279222,0,5
9,HYBRID,synthetic,192,0.14452798663324978,105.60195329039928,10.479587832386812,0,5
9,HYBRID,synthetic,193,0.14452798663324978,105.00254203542974,10.53931222647328,0,5
9,HYBRID,synthetic,194,0.14452798663324978,104.4196993229551,10.603130207358396,0,5
9,HYBRID,synthetic,195,0.14452798663324978,103.8120037967381,10.669292187931275,0,5
9,HYBRID,synthetic,196,0.14452798663324978,103.23744535551096,10.728417873268404,0,5
9,HYBRID,synthetic,197,0.14452798663324978,102.65460264303636,10.785131482132174,0,5
9,HYBRID,synthetic,198,0.14452798663324978,102.03862284557188,10.830106748549136,0,5
9,HYBRID,synthetic,199,0.14452798663324978,101.4226430481074,10.886452704134717,0,5
9,HYBRID,synthetic,200,0.14452798663324978,100.78181043690054,10.912852237623309,0,5
9,HYBRID,synthetic,201,0.14452798663324978,100.16583063943605,10.977321762461273,0,5
9,HYBRID,synthetic,202,0.14452798663324978,99.51671375698172,11.01923970309301,0,5
9,HYBRID,synthetic,203,0.14452798663324978,98.90073395951724,11.064977458355571,0,5
9,HYBRID,synthetic,204,0.14452798663324978,98.25990134831038,11.098594392475702,0,5
9,HYBRID,synthetic,205,0.14452798663324978,97.65220582209338,11.144354049618954,0,5
9,HYBRID,synthetic,206,0.14452798663324978,97.01965748213397,11.19119518257074,0,5
9,HYBRID,synthetic,207,0.14452798663324978,96.42024622716443,11.241818206616434,0,5
9,HYBRID,synthetic,208,0.14452798663324978,95.7711293447101,11.27938976802198,0,5
9,HYBRID,synthetic,209,0.14452798663324978,95.15514954724563,11.328820603403175,0,5
9,HYBRID,synthetic,210,0.14452798663324978,94.51431693603877,11.376943718388182,0,5
9,HYBRID,synthetic,211,0.14452798663324978,93.87348432483188,11.406983149855181,0,5
9,HYBRID,synthetic,212,0.14452798663324978,93.26578879861488,11.478505420915221,0,5
9,HYBRID,synthetic,213,0.14452798663324978,92.65809327239788,11.530297976694118,0,5
9,HYBRID,synthetic,214,0.14452798663324978,92.03382920368594,11.57197968309588,0,5
9,HYBRID,synthetic,215,0.14452798663324978,91.42613367746893,11.630070263578958,0,5
9,HYBRID,synthetic,216,0.14452798663324978,90.79358533750954,11.666366241141317,0,5
9,HYBRID,synthetic,217,0.14452798663324978,90.16103699755013,11.721553467071123,0,5
9,HYBRID,synthetic,218,0.14452798663324978,89.56991001382804,11.796515260229773,0,5
9,HYBRID,synthetic,219,0.14452798663324978,88.95393021636357,11.849656430720394,0,5
9,HYBRID,synthetic,220,0.14452798663324978,88.32966614765164,11.908219627907334,0,5
9,HYBRID,synthetic,221,0.14452798663324978,87.65569645145493,11.93092835530182,0,5
9,HYBRID,synthetic,222,0.14452798663324978,87.0480009252379,11.98809295661978,0,5
9,HYBRID,synthetic,223,0.14452798663324978,86.4403053990209,12.049964629715854,0,5
9,HYBRID,synthetic,224,0.14452798663324978,85.80775705906149,12.099325033923868,0,5
9,HYBRID,synthetic,225,0.14452798663324978,85.18349299034955,12.152607336047218,0,5
9,HYBRID,synthetic,226,0.14452798663324978,84.60893454912242,12.239548433325144,0,5
9,HYBRID,synthetic,227,0.14452798663324978,83.98467048041047,12.304078355053848,0,5
9,HYBRID,synthetic,228,0.14452798663324978,83.3272693267087,12.345150314640502,0,5
9,HYBRID,synthetic,229,0.14452798663324978,82.7195738004917,12.401875672066122,0,5
9,HYBRID,synthetic,230,0.14452798663324978,82.09530973177976,12.454693767635542,0,5
9,HYBRID,synthetic,231,0.14452798663324978,81.44619284932546,12.480663734863382,0,5
9,HYBRID,synthetic,232,0.14452798663324978,80.83849732310844,12.524556119390091,0,5
9,HYBRID,synthetic,233,0.14452798663324978,80.24737033938638,12.59035125813139,0,5
9,HYBRID,synthetic,234,0.14452798663324978,79.6065377281795,12.639928267319908,0,5
9,HYBRID,synthetic,235,0.14452798663324978,78.99884220196252,12.709530784665807,0,5
9,HYBRID,synthetic,236,0.14452798663324978,78.39114667574552,12.768261698327889,0,5
9,HYBRID,synthetic,237,0.14452798663324978,77.74202979329118,12.792877924795397,0,5
9,HYBRID,synthetic,238,0.14452798663324978,77.0846286395894,12.829588640135597,0,5
9,HYBRID,synthetic,239,0.14452798663324978,76.48521738461986,12.907022677365156,0,5
9,HYBRID,synthetic,240,0.14452798663324978,75.87752185840286,12.984030664863866,0,5
9,HYBRID,synthetic,241,0.14452798663324978,75.29467914592824,13.056327307993495,0,5
9,HYBRID,synthetic,242,0.14452798663324978,74.67869934846378,13.111555824855479,0,5
9,HYBRID,synthetic,243,0.14452798663324978,74.02958246600944,13.157094576848497,0,5
9,HYBRID,synthetic,244,0.14452798663324978,73.39703412605007,13.214292780487344,0,5
9,HYBRID,synthetic,245,0.14452798663324978,72.74791724359574,13.259985918457618,0,5
9,HYBRID,synthetic,246,0.14452798663324978,72.14022171737874,13.335489540735166,0,5
9,HYBRID,synthetic,247,0.14452798663324978,71.50767337741935,13.389975091409616,0,5
9,HYBRID,synthetic,248,0.14452798663324978,70.89169357995488,13.460630126560686,0,5
9,HYBRID,synthetic,249,0.14452798663324978,70.24257669750055,13.510392576760509,0,5
9,HYBRID,synthetic,250,0.14452798663324978,69.61002835754115,13.568099372832934,0,5
9,HYBRID,synthetic,251,0.14452798663324978,68.97748001758177,13.607157813017395,0,5
9,HYBRID,synthetic,252,0.14452798663324978,68.36150022011732,13.67501165479876,0,5
9,HYBRID,synthetic,253,0.14452798663324978,67.74552042265285,13.740556346045746,0,5
9,HYBRID,synthetic,254,0.14452798663324978,67.11297208269346,13.800877815253392,0,5
9,HYBRID,synthetic,255,0.14452798663324978,66.50527655647646,13.861447713521336,0,5
9,HYBRID,synthetic,256,0.14452798663324978,65.86444394526961,13.917943022792487,0,5
9,HYBRID,synthetic,257,0.14452798663324978,65.22361133406275,13.96791610395133,0,5
9,HYBRID,synthetic,258,0.14452798663324978,64.57449445160844,14.017946946374586,0,5
9,HYBRID,synthetic,259,0.14452798663324978,63.98336746788637,14.094066286461006,0,5
9,HYBRID,synthetic,260,0.14452798663324978,63.359103399174444,14.151353027941035,0,5
9,HYBRID,synthetic,261,0.14452798663324978,62.75969214420492,14.231297757111372,0,5
9,HYBRID,synthetic,262,0.14452798663324978,62.16028088923539,14.311972456513764,0,5
9,HYBRID,synthetic,263,0.14452798663324978,61.527732549275996,14.366939323478032,0,5
9,HYBRID,synthetic,264,0.14452798663324978,60.87033139557421,14.387252514115264,0,5
9,HYBRID,synthetic,265,0.14452798663324978,60.23778305561482,14.444545919125847,0,5
9,HYBRID,synthetic,266,0.14452798663324978,59.61351898690289,14.486893785643575,0,5
9,HYBRID,synthetic,267,0.14452798663324978,58.99753918943843,14.559665646589915,0,5
9,HYBRID,synthetic,268,0.14452798663324978,58.38984366322144,14.62396499507181,0,5
9,HYBRID,synthetic,269,0.14452798663324978,57.724158238272196,14.65988766006067,0,5
9,HYBRID,synthetic,270,0.14452798663324978,57.07504135581787,14.703573428801175,0,5
9,HYBRID,synthetic,271,0.14452798663324978,56.45906155835341,14.74991240171417,0,5
9,HYBRID,synthetic,272,0.14452798663324978,55.834797489641495,14.804250706785842,0,5
9,HYBRID,synthetic,273,0.14452798663324978,55.210533420929565,14.86381800403873,0,5
9,HYBRID,synthetic,274,0.14452798663324978,54.569700809722704,14.915013258715295,0,5
9,HYBRID,synthetic,275,0.14452798663324978,53.920583927268396,14.958337723312386,0,5
9,HYBRID,synthetic,276,0.14452798663324978,53.26318277356662,15.002445309365125,0,5
9,HYBRID,synthetic,277,0.14452798663324978,52.614065891112304,15.054273221388769,0,5
9,HYBRID,synthetic,278,0.14452798663324978,51.964949008657996,15.098058786172722,0,5
9,HYBRID,synthetic,279,0.14452798663324978,51.357253482441,15.172035988553636,0,5
9,HYBRID,synthetic,280,0.14452798663324978,50.741273684976534,15.238538225093139,0,5
9,HYBRID,synthetic,281,0.14452798663324978,50.141862430006995,15.296410571722786,0,5
9,HYBRID,synthetic,282,0.14452798663324978,49.51759836129506,15.369669610645477,0,5
9,HYBRID,synthetic,283,0.14452798663324978,48.90990283507806,15.42765876413143,0,5
9,HYBRID,synthetic,284,0.14452798663324978,48.277354495118665,15.486276357290857,0,5
9,HYBRID,synthetic,285,0.14452798663324978,47.636521883911804,15.522260190384975,0,5
9,HYBRID,synthetic,286,0.14452798663324978,47.00397354395242,15.58449131862708,0,5
9,HYBRID,synthetic,287,0.14452798663324978,46.37970947524049,15.646880721831302,0,5
9,HYBRID,synthetic,288,0.14452798663324978,45.75544540652855,15.705379990604696,0,5
9,HYBRID,synthetic,289,0.14452798663324978,45.13946560906409,15.77124031769608,0,5
9,HYBRID,synthetic,290,0.14452798663324978,44.48206445536231,15.808144141545695,0,5
9,HYBRID,synthetic,291,0.14452798663324978,43.8743689291453,15.882005663020848,0,5
9,HYBRID,synthetic,292,0.14452798663324978,43.241820589185906,15.933174754382216,0,5
9,HYBRID,synthetic,293,0.14452798663324978,42.60927224922652,15.980851218831296,0,5
9,HYBRID,synthetic,294,0.14452798663324978,41.97672390926713,16.024557642494134,0,5
9,HYBRID,synthetic,295,0.14452798663324978,41.31932275556535,16.058062038028787,0,5
9,HYBRID,synthetic,296,0.14452798663324978,40.67849014435849,16.087025355719135,0,5
9,HYBRID,synthetic,297,0.14452798663324978,40.07907888938895,16.11831884511325,0,5
9,HYBRID,synthetic,298,0.14452798663324978,39.46309909192449,16.185152010441325,0,5
9,HYBRID,synthetic,299,0.14452798663324978,38.83055075196509,16.24741231365687,0,5
9,HYBRID,synthetic,300,0.14452798663324978,38.18143386951077,16.29195666479974,0,5
9,HYBRID,synthetic,301,0.14452798663324978,37.54060125830392,16.343438732404557,0,5
9,HYBRID,synthetic,302,0.14452798663324978,36.91633718959199,16.382640875300446,0,5
9,HYBRID,synthetic,303,0.14452798663324978,36.26722030713768,16.430843954058417,0,5
9,HYBRID,synthetic,304,0.14452798663324978,35.6512405096732,16.50840971884959,0,5
9,HYBRID,synthetic,305,0.14452798663324978,35.02697644096128,16.578637217790085,0,5
9,HYBRID,synthetic,306,0.14452798663324978,34.4109966434968,16.629063380312537,0,5
9,HYBRID,synthetic,307,0.14452798663324978,33.74531121854757,16.666812434029286,0,5
9,HYBRID,synthetic,308,0.14452798663324978,33.10447860734071,16.719080612355896,0,5
9,HYBRID,synthetic,309,0.14452798663324978,32.47193026738132,16.762192803185865,0,5
9,HYBRID,synthetic,310,0.14452798663324978,31.83109765617447,16.79814806963955,0,5
9,HYBRID,synthetic,311,0.14452798663324978,31.239970672452387,16.863777310593424,0,5
9,HYBRID,synthetic,312,0.14452798663324978,30.623990874987914,16.91501166823784,0,5
9,HYBRID,synthetic,313,0.14452798663324978,30.016295348770903,16.97727770506208,0,5
9,HYBRID,synthetic,314,0.14452798663324978,29.36717846631659,17.025706492592278,0,5
9,HYBRID,synthetic,315,0.14452798663324978,28.80519896652877,16.94106842911702,0,4
9,HYBRID,synthetic,316,0.14452798663324978,28.338924796549072,16.783736625466723,0,4
9,HYBRID,synthetic,317,0.14452798663324978,27.880934897816832,16.595042483384756,0,4
9,HYBRID,synthetic,318,0.14452798663324978,27.398092185342215,16.39302783237675,0,4
9,HYBRID,synthetic,319,0.14452798663324978,26.89039665912521,16.18135577394506,0,4
9,HYBRID,synthetic,320,0.14452798663324978,26.390985404155664,15.987509464649273,0,4
9,HYBRID,synthetic,321,0.14452798663324978,25.924711234175966,15.805341264714365,0,4
9,HYBRID,synthetic,322,0.14452798663324978,25.42529997920642,15.624084588702965,0,4
9,HYBRID,synthetic,323,0.14452798663324978,24.950741537979262,15.44122980551115,0,4
9,HYBRID,synthetic,324,0.14452798663324978,24.492751639247025,15.279717349283587,0,4
9,HYBRID,synthetic,325,0.14452798663324978,24.04304601176225,15.127610419608384,0,4
9,HYBRID,synthetic,326,0.14452798663324978,23.560203299287632,14.950912472787623,0,4
9,HYBRID,synthetic,327,0.14452798663324978,23.060792044318088,14.761025233064377,0,4
9,HYBRID,synthetic,328,0.14452798663324978,22.57794933184347,14.578857922040784,0,4
9,HYBRID,synthetic,329,0.14452798663324978,22.078538076873922,14.401361855366059,0,4
9,HYBRID,synthetic,330,0.14452798663324978,21.603979635646763,14.234740698525364,0,4
9,HYBRID,synthetic,331,0.14452798663324978,21.11285265192468,14.08001864645803,0,4
9,HYBRID,synthetic,332,0.14452798663324978,20.654862753192443,13.945164147910763,0,4
9,HYBRID,synthetic,333,0.14452798663324978,20.188588583212745,13.779296217923557,0,4
9,HYBRID,synthetic,334,0.14452798663324978,19.71403014198559,13.605608001283896,0,4
9,HYBRID,synthetic,335,0.14452798663324978,19.24775597200589,13.439740533465816,0,4
9,HYBRID,synthetic,336,0.14452798663324978,18.7814818020262,13.285191089498388,0,4
9,HYBRID,synthetic,337,0.14452798663324978,18.306923360799033,13.14728194542083,0,4
9,HYBRID,synthetic,338,0.14452798663324978,17.85721773331426,13.01349713886123,0,4
9,HYBRID,synthetic,339,0.14452798663324978,17.37437502083964,12.88428803583579,0,4
9,HYBRID,synthetic,340,0.14452798663324978,16.932953664602326,12.74903341824572,0,4
9,HYBRID,synthetic,341,0.14452798663324978,16.45011095212771,12.609923350105474,0,4
9,HYBRID,synthetic,342,0.14452798663324978,15.983836782148009,12.473186980140262,0,4
9,HYBRID,synthetic,343,0.14452798663324978,15.534131154663232,12.347977797906092,0,4
9,HYBRID,synthetic,344,0.14452798663324978,15.059572713436074,12.254796969954617,0,4
9,HYBRID,synthetic,345,0.14452798663324978,14.593298543456374,12.166368939421607,0,4
9,HYBRID,synthetic,346,0.14452798663324978,14.13530864472414,12.079799893069717,0,4
9,HYBRID,synthetic,347,0.14452798663324978,13.791486224457453,11.831692668617226,0,3
9,HYBRID,synthetic,348,0.14452798663324978,13.474917681962523,11.58743184188848,0,3
9,HYBRID,synthetic,349,0.14452798663324978,13.133496325725213,11.332622896092102,0,3
9,HYBRID,synthetic,350,0.14452798663324978,12.825212054477749,11.091423018593717,0,3
9,HYBRID,synthetic,351,0.14452798663324978,12.458937884498052,10.823249677317447,0,3
9,HYBRID,synthetic,352,0.14452798663324978,12.109232257013279,10.557308210961535,0,3
9,HYBRID,synthetic,353,0.14452798663324978,11.792663714518353,10.32626679820435,0,3
9,HYBRID,synthetic,354,0.14452798663324978,11.434673815786118,10.066982807225406,0,3
9,HYBRID,synthetic,355,0.14452798663324978,11.118105273291192,9.819995120759781,0,3
9,HYBRID,synthetic,356,0.14452798663324978,10.793252459548805,9.573258462193147,0,3
9,HYBRID,synthetic,357,0.14452798663324978,10.460115374558956,9.331553285970275,0,3
9,HYBRID,synthetic,358,0.14452798663324978,10.118694018321644,9.0812963054066,0,3
9,HYBRID,synthetic,359,0.14452798663324978,9.76898839083687,8.828427037666026,0,3
9,HYBRID,synthetic,360,0.14452798663324978,9.38614567836225,8.564687522961195,0,3
9,HYBRID,synthetic,361,0.14452798663324978,9.019871508382556,8.302783393444841,0,3
9,HYBRID,synthetic,362,0.14452798663324978,8.686734423392707,8.062824066194002,0,3
9,HYBRID,synthetic,363,0.14452798663324978,8.370165880897781,7.838688049560028,0,3
9,HYBRID,synthetic,364,0.14452798663324978,8.045313067155394,7.608544800957618,0,3
9,HYBRID,synthetic,365,0.14452798663324978,7.670754625928237,7.356341622414769,0,3
9,HYBRID,synthetic,366,0.14452798663324978,7.312764727196003,7.120118385932418,0,3
9,HYBRID,synthetic,367,0.14452798663324978,6.987911913453617,6.891490697886929,0,3
9,HYBRID,synthetic,368,0.14452798663324978,6.61335347222646,6.669765244455547,0,3
9,HYBRID,synthetic,369,0.14452798663324978,6.288500658484075,6.456905812506257,0,3
9,HYBRID,synthetic,370,0.14452798663324978,5.955363573494227,6.240018899767207,0,3
9,HYBRID,synthetic,371,0.14452798663324978,5.622226488504381,6.052509198365272,0,3
9,HYBRID,synthetic,372,0.14452798663324978,5.264236589772148,5.847893419795086,0,3
9,HYBRID,synthetic,373,0.14452798663324978,4.889678148544992,5.654047698322605,0,3
9,HYBRID,synthetic,374,0.14452798663324978,4.498551164822912,5.426683570601651,0,3
9,HYBRID,synthetic,375,0.14452798663324978,4.203441745222679,5.226583033922116,0,2
9,HYBRID,synthetic,376,0.14452798663324978,3.986873202727756,4.965533541745993,0,2
9,HYBRID,synthetic,377,0.14452798663324978,3.737167575242985,4.67026444197244,0,2
9,HYBRID,synthetic,378,0.14452798663324978,3.5123147615006003,4.403494131135957,0,2
9,HYBRID,synthetic,379,0.14452798663324978,3.304030490253139,4.157642097521843,0,2
9,HYBRID,synthetic,380,0.14452798663324978,3.0874619477582157,3.906454908495435,0,2
9,HYBRID,synthetic,381,0.14452798663324978,2.870893405263293,3.657440426982712,0,2
9,HYBRID,synthetic,382,0.14452798663324978,2.6543248627683695,3.403231960360119,0,2
9,HYBRID,synthetic,383,0.14452798663324978,2.4211877777785227,3.123296882578055,0,2
9,HYBRID,synthetic,384,0.14452798663324978,2.1963349640361374,2.867656165858199,0,2
9,HYBRID,synthetic,385,0.14452798663324978,1.979766421541214,2.6106418492359005,0,2
9,HYBRID,synthetic,386,0.14452798663324978,1.7549136077988283,2.3412219856385046,0,2
9,HYBRID,synthetic,387,0.14452798663324978,1.5466293365513668,2.115259214419895,0,2
9,HYBRID,synthetic,388,0.14452798663324978,1.3300607940564433,1.8814411128162836,0,2
9,HYBRID,synthetic,389,0.14452798663324978,1.105207980314058,1.6413301768400144,0,2
9,HYBRID,synthetic,390,0.14452798663324978,0.888639437819134,1.4304746783680284,0,2
9,HYBRID,synthetic,391,0.14452798663324978,0.6555023528292863,1.2272989577229951,0,2
9,HYBRID,synthetic,392,0.14452798663324978,0.5047363308442946,1.0094726616885892,0,1
9,HYBRID,synthetic,393,0.14452798663324978,0.38816778834937066,0.7763355766987414,0,1
9,HYBRID,synthetic,394,0.14452798663324978,0.27159924585444684,0.5431984917088936,0,1
9,HYBRID,synthetic,395,0.14452798663324978,0.15503070335952301,0.31006140671904603,0,1
9,HYBRID,synthetic,396,0.14452798663324978,0.03017788961713727,0.060355779234274536,0,1
9,HYBRID,synthetic,397,0.14452798663324978,0.0,0.0,0,0
9,HYBRID,synthetic,398,0.14452798663324978,0.0,0.0,0,0
9,HYBRID,synthetic,399,0.14452798663324978,0.0,0.0,0,0
9,HYBRID,synthetic,400,0.14452798663324978,0.0,0.0,0,0
9,HYBRID,synthetic,401,0.14452798663324978,0.0,0.0,0,0
9,HYBRID,synthetic,402,0.14452798663324978,0.0,0.0,0,0
9,HYBRID,synthetic,403,0.14452798663324978,0.0,0.0,0,0
9,HYBRID,synthetic,404,0.14452798663324978,0.0,0.0,0,0
9,HYBRID,synthetic,405,0.14452798663324978,0.0,0.0,0,0
9,HYBRID,synthetic,406,0.14452798663324978,0.0,0.0,0,0
9,HYBRID,synthetic,407,0.14452798663324978,0.0,0.0,0,0
9,HYBRID,synthetic,408,0.14452798663324978,0.0,0.0,0,0
9,HYBRID,synthetic,409,0.14452798663324978,0.0,0.0,0,0
9,HYBRID,synthetic,410,0.14452798663324978,0.0,0.0,0,0
9,HYBRID,synthetic,411,0.14452798663324978,0.0,0.0,0,0
9,HYBRID,synthetic,412,0.14452798663324978,0.0,0.0,0,0
9,HYBRID,synthetic,413,0.14452798663324978,0.0,0.0,0,0
9,HYBRID,synthetic,414,0.14452798663324978,0.0,0.0,0,0
9,HYBRID,synthetic,415,0.14452798663324978,0.0,0.0,0,0
9,HYBRID,synthetic,416,0.14452798663324978,0.0,0.0,0,0
9,HYBRID,synthetic,417,0.14452798663324978,0.0,0.0,0,0
9,HYBRID,synthetic,418,0.14452798663324978,0.0,0.0,0,0
9,HYBRID,synthetic,419,0.14452798663324978,0.0,0.0,0,0
9,HYBRID,synthetic,420,0.14452798663324978,0.0,0.0,0,0
9,HYBRID,synthetic,421,0.14452798663324978,0.0,0.0,0,0
9,HYBRID,synthetic,422,0.14452798663324978,0.0,0.0,0,0
9,HYBRID,synthetic,423,0.14452798663324978,0.0,0.0,0,0
9,HYBRID,synthetic,424,0.14452798663324978,0.0,0.0,0,0
9,HYBRID,synthetic,425,0.14452798663324978,0.0,0.0,0,0
9,HYBRID,synthetic,426,0.14452798663324978,0.0,0.0,0,0
9,HYBRID,synthetic,427,0.14452798663324978,0.0,0.0,0,0
9,HYBRID,synthetic,428,0.14452798663324978,0.0,0.0,0,0
9,HYBRID,synthetic,429,0.14452798663324978,0.0,0.0,0,0
9,HYBRID,synthetic,430,0.14452798663324978,0.0,0.0,0,0
9,HYBRID,synthetic,431,0.14452798663324978,0.0,0.0,0,0
9,HYBRID,synthetic,432,0.14452798663324978,0.0,0.0,0,0
9,HYBRID,synthetic,433,0.14452798663324978,0.0,0.0,0,0
9,HYBRID,synthetic,434,0.14452798663324978,0.0,0.0,0,0
9,HYBRID,synthetic,435,0.14452798663324978,0.0,0.0,0,0
9,HYBRID,synthetic,436,0.14452798663324978,0.0,0.0,0,0
9,HYBRID,synthetic,437,0.14452798663324978,0.0,0.0,0,0
9,HYBRID,synthetic,438,0.14452798663324978,0.0,0.0,0,0
9,HYBRID,synthetic,439,0.14452798663324978,0.0,0.0,0,0
9,HYBRID,synthetic,440,0.14452798663324978,0.0,0.0,0,0
9,HYBRID,synthetic,441,0.14452798663324978,0.0,0.0,0,0
9,HYBRID,synthetic,442,0.14452798663324978,0.0,0.0,0,0
9,HYBRID,synthetic,443,0.14452798663324978,0.0,0.0,0,0
9,HYBRID,synthetic,444,0.14452798663324978,0.0,0.0,0,0
9,HYBRID,synthetic,445,0.14452798663324978,0.0,0.0,0,0
9,HYBRID,synthetic,446,0.14452798663324978,0.0,0.0,0,0
9,HYBRID,synthetic,447,0.14452798663324978,0.0,0.0,0,0
9,HYBRID,synthetic,448,0.14452798663324978,0.0,0.0,0,0
9,HYBRID,synthetic,449,0.14452798663324978,0.0,0.0,0,0
9,HYBRID,synthetic,450,0.14452798663324978,0.0,0.0,0,0
9,HYBRID,synthetic,451,0.14452798663324978,0.0,0.0,0,0
9,HYBRID,synthetic,452,0.14452798663324978,0.0,0.0,0,0
9,HYBRID,synthetic,453,0.14452798663324978,0.0,0.0,0,0
9,HYBRID,synthetic,454,0.14452798663324978,0.0,0.0,0,0
9,HYBRID,synthetic,455,0.14452798663324978,0.0,0.0,0,0
9,HYBRID,synthetic,456,0.14452798663324978,0.0,0.0,0,0
9,HYBRID,synthetic,457,0.14452798663324978,0.0,0.0,0,0
9,HYBRID,synthetic,458,0.14452798663324978,0.0,0.0,0,0
9,HYBRID,synthetic,459,0.14452798663324978,0.0,0.0,0,0
9,HYBRID,synthetic,460,0.14452798663324978,0.0,0.0,0,0
9,HYBRID,synthetic,461,0.14452798663324978,0.0,0.0,0,0
9,HYBRID,synthetic,462,0.14452798663324978,0.0,0.0,0,0
9,HYBRID,synthetic,463,0.14452798663324978,0.0,0.0,0,0
9,HYBRID,synthetic,464,0.14452798663324978,0.0,0.0,0,0
9,HYBRID,synthetic,465,0.14452798663324978,0.0,0.0,0,0
9,HYBRID,synthetic,466,0.14452798663324978,0.0,0.0,0,0
9,HYBRID,synthetic,467,0.14452798663324978,0.0,0.0,0,0
9,HYBRID,synthetic,468,0.14452798663324978,0.0,0.0,0,0
9,HYBRID,synthetic,469,0.14452798663324978,0.0,0.0,0,0
9,HYBRID,synthetic,470,0.14452798663324978,0.0,0.0,0,0
9,HYBRID,synthetic,471,0.14452798663324978,0.0,0.0,0,0
9,HYBRID,synthetic,472,0.14452798663324978,0.0,0.0,0,0
9,HYBRID,synthetic,473,0.14452798663324978,0.0,0.0,0,0
9,HYBRID,synthetic,474,0.14452798663324978,0.0,0.0,0,0
9,HYBRID,synthetic,475,0.14452798663324978,0.0,0.0,0,0
9,HYBRID,synthetic,476,0.14452798663324978,0.0,0.0,0,0
9,HYBRID,synthetic,477,0.14452798663324978,0.0,0.0,0,0
9,HYBRID,synthetic,478,0.14452798663324978,0.0,0.0,0,0
9,HYBRID,synthetic,479,0.14452798663324978,0.0,0.0,0,0
9,HYBRID,synthetic,480,0.14452798663324978,0.0,0.0,0,0
9,HYBRID,synthetic,481,0.14452798663324978,0.0,0.0,0,0
9,HYBRID,synthetic,482,0.14452798663324978,0.0,0.0,0,0
9,HYBRID,synthetic,483,0.14452798663324978,0.0,0.0,0,0
9,HYBRID,synthetic,484,0.14452798663324978,0.0,0.0,0,0
9,HYBRID,synthetic,485,0.14452798663324978,0.0,0.0,0,0
9,HYBRID,synthetic,486,0.14452798663324978,0.0,0.0,0,0
9,HYBRID,synthetic,487,0.14452798663324978,0.0,0.0,0,0
9,HYBRID,synthetic,488,0.14452798663324978,0.0,0.0,0,0
9,HYBRID,synthetic,489,0.14452798663324978,0.0,0.0,0,0
9,HYBRID,synthetic,490,0.14452798663324978,0.0,0.0,0,0
9,HYBRID,synthetic,491,0.14452798663324978,0.0,0.0,0,0
9,HYBRID,synthetic,492,0.14452798663324978,0.0,0.0,0,0
9,HYBRID,synthetic,493,0.14452798663324978,0.0,0.0,0,0
9,HYBRID,synthetic,494,0.14452798663324978,0.0,0.0,0,0
9,HYBRID,synthetic,495,0.14452798663324978,0.0,0.0,0,0
9,HYBRID,synthetic,496,0.14452798663324978,0.0,0.0,0,0
9,HYBRID,synthetic,497,0.14452798663324978,0.0,0.0,0,0
9,HYBRID,synthetic,498,0.14452798663324978,0.0,0.0,0,0
9,HYBRID,synthetic,499,0.14452798663324978,0.0,0.0,0,0
9,HYBRID,synthetic,500,0.14452798663324978,0.0,0.0,0,0
9,HYBRID,synthetic,501,0.14452798663324978,0.0,0.0,0,0
9,HYBRID,synthetic,502,0.14452798663324978,0.0,0.0,0,0
9,HYBRID,synthetic,503,0.14452798663324978,0.0,0.0,0,0
9,HYBRID,synthetic,504,0.14452798663324978,0.0,0.0,0,0
9,HYBRID,synthetic,505,0.14452798663324978,0.0,0.0,0,0
9,HYBRID,synthetic,506,0.14452798663324978,0.0,0.0,0,0
9,HYBRID,synthetic,507,0.14452798663324978,0.0,0.0,0,0
9,HYBRID,synthetic,508,0.14452798663324978,0.0,0.0,0,0
9,HYBRID,synthetic,509,0.14452798663324978,0.0,0.0,0,0
9,HYBRID,synthetic,510,0.14452798663324978,0.0,0.0,0,0
9,HYBRID,synthetic,511,0.14452798663324978,0.0,0.0,0,0
9,HYBRID,synthetic,512,0.14452798663324978,0.0,0.0,0,0
9,HYBRID,synthetic,513,0.14452798663324978,0.0,0.0,0,0
9,HYBRID,synthetic,514,0.14452798663324978,0.0,0.0,0,0
9,HYBRID,synthetic,515,0.14452798663324978,0.0,0.0,0,0
9,HYBRID,synthetic,516,0.14452798663324978,0.0,0.0,0,0
9,HYBRID,synthetic,517,0.14452798663324978,0.0,0.0,0,0
9,HYBRID,synthetic,518,0.14452798663324978,0.0,0.0,0,0
9,HYBRID,synthetic,519,0.14452798663324978,0.0,0.0,0,0
9,HYBRID,synthetic,520,0.14452798663324978,0.0,0.0,0,0
9,HYBRID,synthetic,521,0.14452798663324978,0.0,0.0,0,0
9,HYBRID,synthetic,522,0.14452798663324978,0.0,0.0,0,0
9,HYBRID,synthetic,523,0.14452798663324978,0.0,0.0,0,0
9,HYBRID,synthetic,524,0.14452798663324978,0.0,0.0,0,0
9,HYBRID,synthetic,525,0.14452798663324978,0.0,0.0,0,0
9,HYBRID,synthetic,526,0.14452798663324978,0.0,0.0,0,0
9,HYBRID,synthetic,527,0.14452798663324978,0.0,0.0,0,0
9,HYBRID,synthetic,528,0.14452798663324978,0.0,0.0,0,0
9,HYBRID,synthetic,529,0.14452798663324978,0.0,0.0,0,0
9,HYBRID,synthetic,530,0.14452798663324978,0.0,0.0,0,0
9,HYBRID,synthetic,531,0.14452798663324978,0.0,0.0,0,0
9,HYBRID,synthetic,532,0.14452798663324978,0.0,0.0,0,0
9,HYBRID,synthetic,533,0.14452798663324978,0.0,0.0,0,0
9,HYBRID,synthetic,534,0.14452798663324978,0.0,0.0,0,0
9,HYBRID,synthetic,535,0.14452798663324978,0.0,0.0,0,0
9,HYBRID,synthetic,536,0.14452798663324978,0.0,0.0,0,0
9,HYBRID,synthetic,537,0.14452798663324978,0.0,0.0,0,0
9,HYBRID,synthetic,538,0.14452798663324978,0.0,0.0,0,0
9,HYBRID,synthetic,539,0.14452798663324978,0.0,0.0,0,0
9,HYBRID,synthetic,540,0.14452798663324978,0.0,0.0,0,0
9,HYBRID,synthetic,541,0.14452798663324978,0.0,0.0,0,0
9,HYBRID,synthetic,542,0.14452798663324978,0.0,0.0,0,0
9,HYBRID,synthetic,543,0.14452798663324978,0.0,0.0,0,0
9,HYBRID,synthetic,544,0.14452798663324978,0.0,0.0,0,0
9,HYBRID,synthetic,545,0.14452798663324978,0.0,0.0,0,0
9,HYBRID,synthetic,546,0.14452798663324978,0.0,0.0,0,0
9,HYBRID,synthetic,547,0.14452798663324978,0.0,0.0,0,0
9,HYBRID,synthetic,548,0.14452798663324978,0.0,0.0,0,0
9,HYBRID,synthetic,549,0.14452798663324978,0.0,0.0,0,0
9,HYBRID,synthetic,550,0.14452798663324978,0.0,0.0,0,0
9,HYBRID,synthetic,551,0.14452798663324978,0.0,0.0,0,0
9,HYBRID,synthetic,552,0.14452798663324978,0.0,0.0,0,0
9,HYBRID,synthetic,553,0.14452798663324978,0.0,0.0,0,0
9,HYBRID,synthetic,554,0.14452798663324978,0.0,0.0,0,0
9,HYBRID,synthetic,555,0.14452798663324978,0.0,0.0,0,0
9,HYBRID,synthetic,556,0.14452798663324978,0.0,0.0,0,0
9,HYBRID,synthetic,557,0.14452798663324978,0.0,0.0,0,0
9,HYBRID,synthetic,558,0.14452798663324978,0.0,0.0,0,0
9,HYBRID,synthetic,559,0.14452798663324978,0.0,0.0,0,0
9,HYBRID,synthetic,560,0.14452798663324978,0.0,0.0,0,0
9,HYBRID,synthetic,561,0.14452798663324978,0.0,0.0,0,0
9,HYBRID,synthetic,562,0.14452798663324978,0.0,0.0,0,0
9,HYBRID,synthetic,563,0.14452798663324978,0.0,0.0,0,0
9,HYBRID,synthetic,564,0.14452798663324978,0.0,0.0,0,0
9,HYBRID,synthetic,565,0.14452798663324978,0.0,0.0,0,0
9,HYBRID,synthetic,566,0.14452798663324978,0.0,0.0,0,0
9,HYBRID,synthetic,567,0.14452798663324978,0.0,0.0,0,0
9,HYBRID,synthetic,568,0.14452798663324978,0.0,0.0,0,0
9,HYBRID,synthetic,569,0.14452798663324978,0.0,0.0,0,0
9,HYBRID,synthetic,570,0.14452798663324978,0.0,0.0,0,0
9,HYBRID,synthetic,571,0.14452798663324978,0.0,0.0,0,0
9,HYBRID,synthetic,572,0.14452798663324978,0.0,0.0,0,0
9,HYBRID,synthetic,573,0.14452798663324978,0.0,0.0,0,0
9,HYBRID,synthetic,574,0.14452798663324978,0.0,0.0,0,0
9,HYBRID,synthetic,575,0.14452798663324978,0.0,0.0,0,0
9,HYBRID,synthetic,576,0.14452798663324978,0.0,0.0,0,0
9,HYBRID,synthetic,577,0.14452798663324978,0.0,0.0,0,0
9,HYBRID,synthetic,578,0.14452798663324978,0.0,0.0,0,0
9,HYBRID,synthetic,579,0.14452798663324978,0.0,0.0,0,0
9,HYBRID,synthetic,580,0.14452798663324978,0.0,0.0,0,0
9,HYBRID,synthetic,581,0.14452798663324978,0.0,0.0,0,0
9,HYBRID,synthetic,582,0.14452798663324978,0.0,0.0,0,0
9,HYBRID,synthetic,583,0.14452798663324978,0.0,0.0,0,0
9,HYBRID,synthetic,584,0.14452798663324978,0.0,0.0,0,0
9,HYBRID,synthetic,585,0.14452798663324978,0.0,0.0,0,0
9,HYBRID,synthetic,586,0.14452798663324978,0.0,0.0,0,0
9,HYBRID,synthetic,587,0.14452798663324978,0.0,0.0,0,0
9,HYBRID,synthetic,588,0.14452798663324978,0.0,0.0,0,0
9,HYBRID,synthetic,589,0.14452798663324978,0.0,0.0,0,0
9,HYBRID,synthetic,590,0.14452798663324978,0.0,0.0,0,0
9,HYBRID,synthetic,591,0.14452798663324978,0.0,0.0,0,0
9,HYBRID,synthetic,592,0.14452798663324978,0.0,0.0,0,0
9,HYBRID,synthetic,593,0.14452798663324978,0.0,0.0,0,0
9,HYBRID,synthetic,594,0.14452798663324978,0.0,0.0,0,0
9,HYBRID,synthetic,595,0.14452798663324978,0.0,0.0,0,0
9,HYBRID,synthetic,596,0.14452798663324978,0.0,0.0,0,0
9,HYBRID,synthetic,597,0.14452798663324978,0.0,0.0,0,0
9,HYBRID,synthetic,598,0.14452798663324978,0.0,0.0,0,0
9,HYBRID,synthetic,599,0.14452798663324978,0.0,0.0,0,0
